7.169071221617057788e+00 2.504696419816562170e+01
1.277222062332983299e+00 9.935425025119576148e+00
4.500734498135743777e+00 1.794449543145857717e+01
6.686122145882427148e+00 1.985044351734430634e+01
1.166134774493082782e+00 8.451872079089339351e+00
9.183879593617200854e+00 3.040001868199226465e+01
3.539048328148441946e+00 1.320896330845150857e+01
8.784605096609706010e+00 2.762250758476158552e+01
7.288475054121041019e+00 2.402783735838572454e+01
1.742066917075500987e+00 9.454575952066388567e+00
9.262450402919931491e+00 3.166117355505088682e+01
3.152118302458451815e+00 1.531342131516866978e+01
4.899767712817396870e+00 1.407603350531574904e+01
7.188422607717802393e+00 2.122472351534612756e+01
9.286610160364764610e+00 3.312847603422424925e+01
3.154973532198365405e+00 1.026225658419241782e+01
8.750970886358333090e+00 2.982206817292792422e+01
1.460877680718348781e+00 1.143782284677890360e+01
8.818233162680286341e+00 2.910013788852584682e+01
8.018203578738418713e+00 3.190947595071010312e+01
3.279339702209838059e+00 1.541022323676779138e+01
2.883667328109915662e+00 1.212041938532425256e+01
7.515750714600462956e+00 2.477047040594697691e+01
3.235757686084047791e+00 1.415796038464196727e+01
7.460390470223319248e+00 2.531076781324929215e+01
6.583308941460864538e+00 2.262577148129238935e+01
5.978009504538253971e+00 2.308204484453959537e+01
2.822861509547772485e+00 1.309078656000152030e+01
6.433292268048700357e+00 2.635472983859447638e+01
5.184948291048344871e+00 1.876212782813294666e+01
2.735103593326582150e-01 4.414550316971877386e+00
9.119213539022632986e+00 3.403605285628203347e+01
4.885238914981307801e+00 1.946783175169736779e+01
8.778664868343293293e+00 2.822592229371512218e+01
1.686675804980231064e-01 2.404089089366963083e+00
7.835412418526114031e+00 2.549839067982710006e+01
9.540073018410655692e+00 2.937739718166698211e+01
3.376835278100761784e+00 1.189823394490986175e+01
6.045557069920587168e+00 2.105027127534201981e+01
1.903915272417400217e-02 6.811351469340314324e-01
3.645000551058124927e+00 1.922943318052264772e+01
3.699848791735569353e+00 1.403102983167940288e+01
9.102797645367374457e+00 2.896191369969063345e+01
3.360030468500002421e+00 1.464579275982420015e+01
7.690794328074396446e+00 2.846600557271441190e+01
8.833754045278340072e+00 2.979058917719115129e+01
8.935058335819618947e+00 2.816324555820019526e+01
4.346731211555804109e+00 2.000854700554030785e+01
9.639368167758009420e+00 3.590846097558797112e+01
9.735335012411480804e+00 3.303725092397267815e+01
8.248710981094104611e+00 2.644400631373566313e+01
8.928929701031707467e+00 3.132204191812584071e+01
8.452742181841021996e-01 2.697643277309892174e+00
4.308478684512476953e+00 1.960015383278163981e+01
3.852370517834574848e+00 1.762167142470553571e+01
1.992765443479419529e+00 1.083703750002913679e+01
3.257352371489422360e+00 1.157743007221037956e+01
2.582508916082089101e+00 1.399321908050963259e+01
6.389003127175080010e+00 2.291501144773076604e+01
3.121300533892339413e+00 1.257261615555323964e+01
2.984419854645266046e+00 1.409948514377942530e+01
1.712024908811733415e+00 7.653336575110644802e+00
2.468891689907123599e+00 1.145761755479728450e+01
5.959887094575026190e+00 2.153021246859832516e+01
6.334746940449496044e+00 2.178604508265361162e+01
4.230658164711504021e+00 1.199498637441625704e+01
6.982668544936032617e+00 2.315022242322184809e+01
1.653204173699608370e+00 1.096238234218503216e+01
5.532721919553099887e+00 1.936241579312817152e+01
6.671320813103918113e+00 3.044297972920600159e+01
6.356876281761901559e+00 2.647391963056769981e+01
5.255000608921687189e+00 1.939810365848188312e+01
1.227006804473455004e+00 8.451187791163098595e+00
6.777611188130527875e-01 1.178941636970377260e+01
3.288692751919652046e+00 1.319776284802288657e+01
4.219238245094883766e+00 1.591080830117619271e+01
2.022395448849069410e+00 9.841053440711634792e+00
2.458913226794998685e+00 1.173945135859800004e+01
1.538173331436687441e-02 2.893849225277031145e+00
1.647075803473448952e+00 7.872920209741843145e+00
4.615550905140208826e-01 8.260619236810041954e+00
4.925069844444910139e+00 1.885627360065816305e+01
7.088711855128365436e+00 2.402945772696535442e+01
8.016851123672303459e+00 2.885420770032539295e+01
6.459190134985974829e+00 2.408266134470700948e+01
2.670763579856376690e+00 1.080064431808505532e+01
3.903041733108066680e+00 1.457948380589544080e+01
4.951089285304377086e+00 1.903772886914144280e+01
2.939114183303115357e+00 1.312772816638819684e+01
5.868060669458541767e+00 2.469464403804893848e+01
4.935682098824297981e+00 1.687077172834912986e+01
7.944805172853835806e+00 2.667748780672044262e+01
9.019329152571792463e+00 3.176849859818764088e+01
3.822665319121665295e+00 1.637136815523959399e+01
8.777853571819441925e+00 2.651381321683443204e+01
5.377677089371340813e+00 2.063301294759389037e+01
2.633265793449526271e+00 1.016640952707347800e+01
8.779092891174990143e+00 3.194763883827612005e+01
9.274301757876081354e+00 3.019407617257148502e+01
9.030870805187465322e+00 3.059657910736593323e+01
4.455425386349282313e+00 1.768134908675486372e+01
5.387080642267852326e+00 2.074955418718687028e+01
1.562803523226801161e+00 8.297119638161801092e+00
9.378948926502761907e+00 3.142084405154308158e+01
3.560008482690779630e-01 3.167333361859375529e+00
8.237561735163321686e+00 2.745623655367684535e+01
2.032184061664036534e+00 7.340684044338943615e+00
3.134651719752488130e+00 1.648221141750683927e+01
7.142934933660064267e+00 2.562373645152641188e+01
6.607659237261753749e-01 2.852415200210131285e+00
7.740659836036753561e+00 2.845596621082798094e+01
5.289507052441866364e-01 2.437870981280839899e+00
8.285897501542049071e+00 2.707600331416381678e+01
5.019271501436229244e+00 1.898127519394542162e+01
9.180347144927857528e+00 2.951368115428338257e+01
5.583712058258250011e+00 2.021412072892169931e+01
2.184480110690377508e+00 1.150258657135710294e+01
2.353305451676125593e+00 7.353603963124119680e+00
4.680787032364314371e+00 2.110586569159847414e+01
9.920528663298716410e+00 3.512168598984465007e+01
3.641603013299175018e+00 1.361963270744241683e+01
8.118896230292069305e+00 3.237286062187536118e+01
5.753325773311023461e+00 1.906819540658280232e+01
9.384664990848614607e+00 3.425841940513363681e+01
7.504526860449541203e+00 2.586675915426603467e+01
1.809378024072294533e-01 8.391838703968135249e+00
9.741803089372336188e-01 7.580538481455977973e+00
1.695106455836877801e+00 8.690689391883175574e+00
4.884871270813134991e+00 1.833459181514255931e+01
8.219180207309781494e+00 2.845354883789367761e+01
8.655620713309520653e+00 2.969296837218610108e+01
5.246145110341392304e+00 1.907067987685400112e+01
6.137840961793191497e+00 2.157005864827160124e+01
2.294152706213992143e+00 9.627223479954054142e+00
7.989036135995175592e-01 6.379048736967725119e+00
6.940205342550664902e-01 6.581133407589628170e+00
1.059786334615590020e+00 8.429733033638472151e+00
3.112087189813021126e+00 1.374483809848028315e+01
3.640548318674801109e+00 1.482524759233920264e+01
8.644241645735515789e+00 2.906127537538481675e+01
9.319102409675544152e+00 3.233556051992329117e+01
1.561278725024304315e+00 8.989344679297257557e+00
7.164277284987306871e+00 2.471945165897819408e+01
5.664426062485873103e+00 2.303513813194571469e+01
5.641228524626332508e+00 2.228844800065200005e+01
5.302211072615151899e+00 1.851745837558281949e+01
8.851485840118566983e-01 5.117133170375970153e+00
1.625356515114753098e+00 7.720603176864435646e+00
3.409321217625112865e+00 1.425400203187703596e+01
4.107481654439482988e+00 1.464274896251586000e+01
2.038229325085882948e-01 4.180310924475907797e+00
3.693136357990356444e-01 5.998278777321147892e+00
9.371394457146997592e-01 6.277327603092256680e+00
6.565686498253131553e-01 6.317918398916541278e+00
9.326728202232022369e+00 3.093678557253845440e+01
2.191523569430184004e+00 8.776165047597222824e+00
9.606075243446525747e+00 3.345410930534263372e+01
7.309468227716353628e-01 2.680938020448914827e+00
8.297048576939957343e+00 3.377403768034396592e+01
5.903296052483829826e+00 1.968682503401510786e+01
3.997659012304576542e+00 1.444979536401169717e+01
5.111341051957186465e+00 1.871893558544372382e+01
9.933916953452614607e+00 3.245060882612624908e+01
1.476475026521714140e+00 7.116134132591936279e+00
4.505910674819442185e+00 1.812801772738607653e+01
9.899207483384063977e+00 3.338572841297671800e+01
6.442025886823881109e+00 2.237969831827065192e+01
9.904741061546156189e+00 3.068753514833231577e+01
1.130011112597374412e+00 5.451459953640349632e+00
1.522039161788562023e+00 8.795673393474572777e+00
2.846111687775097820e+00 1.280437340299750915e+01
6.313011511801774667e+00 2.010160952308912385e+01
3.112141880856250431e+00 1.291520492631473083e+01
6.293533241466112926e+00 1.791002132444980077e+01
5.057691711039180582e-01 6.287146205944400990e+00
2.227660474239385735e+00 9.791079452906821246e+00
4.422348547226198079e+00 1.932367684705065258e+01
4.728029767565169905e+00 1.903134253986273450e+01
4.554366332354683244e+00 1.995663607200064504e+01
5.329542905219004645e+00 1.918118910376176700e+01
4.177554438457031338e+00 1.638911950459675637e+01
9.034187865252746974e+00 2.940410602232410042e+01
8.063009154182704918e+00 2.994071801885444017e+01
4.229424498451024306e+00 1.691323649116749905e+01
8.221579850027895375e+00 2.830952630240572887e+01
7.845040183789486754e+00 2.994725801700128898e+01
5.371900352858075323e+00 1.640644953606627610e+01
5.669411864607171836e+00 2.304856739549076039e+01
4.792738246303660077e+00 1.673521005651035054e+01
5.503386837434572243e+00 2.063633058871441150e+01
5.100743306778565689e+00 1.557849226764992956e+01
2.761055883778549269e+00 1.259356196642396419e+01
3.394643479080857951e+00 1.266446051584291332e+01
9.743776084033628493e+00 3.088914729612899990e+01
9.726357397489355350e+00 3.598529620031888498e+01
7.449038950474828891e-01 3.482854585292512350e+00
8.404789954907197824e+00 2.836495364838884115e+01
8.447395175130454348e+00 3.022911795260117884e+01
6.578764558161185327e+00 2.469647561091752408e+01
9.115182849075649685e+00 2.865807794925941820e+01
9.380335550235063380e+00 3.138218657930905309e+01
3.580405808065933115e+00 1.818447494906347472e+01
9.332229408351743416e+00 3.107513848309369564e+01
3.871700922874026229e+00 1.929975842195464963e+01
4.193875965046505172e+00 1.719309492956973884e+01
5.430724545514726387e+00 2.132801972933153678e+01
9.016539015405665936e+00 2.652225566139730972e+01
3.175571366506201088e+00 1.265997879447558816e+01
6.639887636038683816e+00 2.649897286632605997e+01
4.019337447355850301e+00 1.520086872294776370e+01
6.588549250464739160e+00 2.216426359837782911e+01
8.335959158267760571e+00 2.813270707835972573e+01
3.287531848406302082e+00 1.490308355331787027e+01
2.367341665004384588e+00 9.184456389180558844e+00
8.798455511080867097e+00 2.937175685972104944e+01
3.970369910084125209e+00 1.402683433975829708e+01
6.973363531490947231e+00 2.268324195473747906e+01
5.955078305551634088e+00 2.508897276011467881e+01
8.122664167683774750e+00 2.581865069764711151e+01
5.097728811327928433e-01 6.943626035697758603e+00
1.209209711363534723e+00 7.871241977546278079e+00
4.520222540036803238e+00 1.995687545738723401e+01
1.793786500900081959e+00 1.065406641826168332e+01
5.020543440796348733e+00 1.891599931390365441e+01
3.229482364851668841e+00 1.564000434533481965e+01
7.195445021583489975e+00 2.475161479932783237e+01
7.875368649817592548e+00 2.762301885911515953e+01
6.929167257825724846e+00 2.326345194810799200e+01
2.480484400558717883e+00 1.037270936020133227e+01
3.018778890234124823e+00 1.393736262326499542e+01
4.467750115442414849e-01 2.692241829287269184e+00
8.147763284482840263e+00 3.132856534414944250e+01
5.052369990271129652e+00 1.997011522839790487e+01
2.991780275540851797e+00 1.610187615378695369e+01
6.758057107860472534e+00 2.430540639238473588e+01
9.591051778604917644e+00 3.186820517201510228e+01
8.254147711834203260e-01 8.626829810193646253e+00
7.480389686238289926e+00 2.884835969402642775e+01
4.356652638173162728e+00 1.532773007346399829e+01
3.192686829062598708e+00 1.398628289219211673e+01
4.359975001821643659e+00 1.757372332049311225e+01
2.017858043690577752e+00 9.698605644749999755e+00
1.928131719632772967e+00 7.483703377916498312e+00
3.183461537275973363e+00 1.107398045109625428e+01
8.974681613605206110e+00 3.575146910092296793e+01
5.457466485821338420e-01 7.987423465034540371e+00
3.012639006691576249e+00 1.623148420224530497e+01
2.477152058513682142e+00 8.118039392154955181e+00
6.012798803422505500e+00 1.737543471926927197e+01
2.070745044844542804e+00 1.289107246496016401e+01
1.068053337794339086e-01 2.273900164948699842e+00
1.538539050874676573e+00 1.058133547887085690e+01
3.619336605074337854e+00 1.613510519046338487e+01
8.034689222903626415e+00 2.943689824939952260e+01
8.469184266639040004e+00 2.920066686907689046e+01
6.465987294062686352e+00 2.545743062601084716e+01
4.138493040054575189e+00 1.695166939500695236e+01
6.515558300621965060e+00 2.247655125800376297e+01
1.952568007134597439e+00 9.000908752654904532e+00
7.910707138343695988e+00 2.531314799451952879e+01
4.432823735459195724e+00 1.690380285331509214e+01
9.654745370329592902e+00 3.398544722206403890e+01
2.581108598146028221e+00 1.394140480492782430e+01
6.394406642992449541e+00 2.251576229855459843e+01
8.535390404956338273e+00 2.868849672084125046e+01
2.463008660555734419e+00 9.732875977987292870e+00
2.200960969919829591e-01 4.133299113969783889e+00
4.370260552315583524e+00 1.567223113083332642e+01
5.118736410316493846e+00 1.934698194586910702e+01
2.160409533630715195e+00 9.920480584706174554e+00
8.045518431280667571e+00 3.179925339553759400e+01
7.289539351451216120e+00 2.532903961246948654e+01
5.653490914782574706e+00 2.414762641091679285e+01
9.832036048604090084e+00 3.228839458278599750e+01
5.661503667062167011e+00 2.061206851376094207e+01
4.138709137131185045e+00 1.591884259033029103e+01
1.511716690124577100e+00 8.198350218308984694e+00
9.684299785888738299e+00 3.062313578463609431e+01
4.510041771830425539e+00 1.663445120737596739e+01
3.345514234862865255e+00 1.479953592956140440e+01
7.699538541673679681e+00 2.771828820455811737e+01
8.020381526128463889e+00 2.879569199053477746e+01
9.164815907699552788e-01 5.727784393749024261e+00
8.733553160492413259e-01 4.367900345595376876e+00
8.857830168943403581e-01 7.561864640365435264e+00
3.341748714985259827e-01 3.625638071528589634e-01
5.616723761860738406e+00 2.340299732984874481e+01
1.838997270907983816e+00 9.531206029427146120e+00
6.684460211497743387e+00 2.584400584572421877e+01
8.480294216090129567e+00 2.909428407755962809e+01
5.266716475289090482e+00 1.813145532465687992e+01
8.292111374675133817e+00 3.127647800797500821e+01
3.668573011858330624e+00 1.621130752213435500e+01
7.912791757151622640e+00 2.775149200856507292e+01
8.335817486171130497e+00 2.796039836094212916e+01
2.357052965626214913e+00 1.388577996077021659e+01
9.902390660665190580e+00 3.680945079300800415e+01
7.241663630384404193e+00 2.451923403281277203e+01
4.969954956659450307e-01 4.133359499505632861e+00
1.644531736579285530e+00 8.082553777384310578e+00
8.361804251751955519e+00 2.648963588627703558e+01
6.110604324389309561e+00 2.190187704782444200e+01
4.407915905708109428e+00 1.762032521509634719e+01
5.396084338456724083e+00 1.656179035302695723e+01
2.853530907749037837e+00 1.113088135379361532e+01
5.754224345205800617e+00 2.313806642147826764e+01
2.355443965224002234e-01 4.893458431557767163e+00
9.644491550266025115e+00 2.849680310856530951e+01
9.999620173413052981e+00 3.442603077487265750e+01
2.269903378147498429e+00 1.264799450576883544e+01
3.572537063542310598e+00 1.680542389615646215e+01
3.284020981060665534e+00 1.567756422283942896e+01
2.478407435849048213e+00 1.029485791262127847e+01
1.095750426765448315e+00 6.133337077470409682e+00
6.889380749123303893e+00 2.389030390447598151e+01
3.342821182381504386e+00 1.579328809135033573e+01
1.954984683298425230e+00 7.803468258769486354e+00
5.324299665949655314e+00 1.863435953345732088e+01
3.741167390676516380e+00 1.611436241384395984e+01
1.067119690144264776e+00 6.437699730621719851e+00
3.861378587446330002e+00 1.251629206756040524e+01
7.124765922837871024e+00 2.604026243147982456e+01
5.809853400836346715e+00 2.355966698187179986e+01
4.631377396742021091e+00 1.641118051145151213e+01
9.436459597872282501e+00 3.194963088469446788e+01
7.423964123973850526e+00 2.564513016843607929e+01
9.444666502804277997e+00 3.240016249491804246e+01
8.026060885545438950e+00 2.982181189895943518e+01
1.540524583574207629e+00 9.285619060270372316e+00
2.068702576904997148e+00 9.106836153835903502e+00
6.607917061388091096e-01 4.711873800579439830e+00
3.967544598692243074e+00 1.687314942759041259e+01
4.939379919245779682e+00 1.604680865488977304e+01
9.897606765153360797e+00 3.165935646104140844e+01
9.040191669011610642e+00 3.176169107912279799e+01
2.125402854653042350e+00 1.123514327352273057e+01
3.985401820742945134e+00 1.438468017611208971e+01
5.146810446243971882e+00 1.905910773724621521e+01
5.727515175700212957e+00 2.402527640282117360e+01
2.370331820874678197e+00 8.321786561566915097e+00
2.885457263794288796e+00 1.267197269613184041e+01
6.157460204454549668e+00 2.032034501883714483e+01
3.376791277089976617e+00 1.656682325509500942e+01
7.197211357893983141e+00 2.323402392145720441e+01
2.983530389634184488e+00 1.221636335119962524e+01
2.104210290331582023e+00 1.006793317817167654e+01
5.376498887759461276e+00 1.878353968514194605e+01
1.060048824687369606e+00 6.521911667897319020e+00
9.347151614208399906e+00 3.196363982427444839e+01
2.227568295942209176e+00 1.186705229976430331e+01
4.616167530087748716e+00 1.445303487428838807e+01
7.156602058111727338e+00 2.497157940677399068e+01
6.043575547987147800e+00 2.132949000803756689e+01
2.912939348627348934e+00 1.194657646999830192e+01
9.358823594566270998e+00 3.525915152805065134e+01
4.563174375589317044e+00 1.651948986251197837e+01
6.813062380904518989e+00 2.631785895675814402e+01
1.450572692670656361e+00 9.346594564792162885e+00
2.622957750324281800e+00 1.092778670021585086e+01
1.633843212831934677e+00 9.882881057958110560e+00
6.131131786693702068e+00 2.256082915706274150e+01
7.904725445508298254e-01 7.156559376265685835e+00
4.223100719596102337e+00 1.549892436471706958e+01
4.081543495598700666e+00 1.837699244700940682e+01
1.824037820000725674e+00 8.507168644424849546e+00
1.815671718040556826e+00 8.994801630496974454e+00
3.282697095208366722e+00 1.627983327592558638e+01
5.176431810208653950e+00 1.920904726230647341e+01
6.131053807764320851e+00 2.219655267793761055e+01
7.078186840820701597e+00 2.630515342284041580e+01
8.106955247117603847e+00 3.165863608249514272e+01
4.016355674273461851e+00 1.494584935012121996e+01
4.122538218631231821e+00 1.665154576134483477e+01
5.569884421257044416e+00 2.148474488251681436e+01
7.990447195417465842e+00 2.732208701047720467e+01
5.746026294233751663e+00 2.014050270356448635e+01
1.553410685346250375e+00 1.073079359723680781e+01
1.421623320162658244e+00 7.496273396459681493e+00
7.721587636009241695e-01 9.154011778320199966e+00
2.930881860015110973e-02 1.464479886904652695e+00
7.508821271104581641e+00 2.711359025384462029e+01
1.552120371933278786e+00 9.882497987458858546e+00
5.059580341090319511e-01 6.427686895827539715e+00
7.031860929660917137e+00 2.334533284821313970e+01
4.068263659890512862e+00 1.353820494470525659e+01
7.752238164461848768e+00 2.562716074762458263e+01
6.567812505720978855e+00 2.580940244013098805e+01
4.281784261454498974e+00 1.939673820412734884e+01
9.845481823575731539e+00 3.236297299212841949e+01
9.591320213628951041e-01 1.091130874272925055e+01
4.875252814143804514e-01 5.048432702737904343e+00
3.310919196135841069e+00 1.555162976151813758e+01
9.633018522916808379e+00 3.288677796340949300e+01
1.330942513406263572e-01 3.964355554585428987e+00
6.014761355215014760e-01 7.700782173252806118e+00
9.010588654288373078e+00 3.358094732215450051e+01
8.893517073904332548e+00 3.296600061754624988e+01
8.292448922396630451e+00 2.889884178378657964e+01
6.866805109818288955e+00 2.524875102488529777e+01
9.258170931211100907e+00 3.249899354518323946e+01
6.496641060006258073e+00 2.764302568223352807e+01
3.303608921225714923e+00 1.228057721570102601e+01
9.239175907236340635e+00 3.156883982096465502e+01
1.366561292906388614e+00 6.295705667548194384e+00
7.859652653560501356e+00 2.746929711329539714e+01
1.177382308968011326e-01 3.451863633450737545e+00
3.685749221709238022e+00 1.647738840971300078e+01
9.785448327536480306e+00 3.132608015493927667e+01
1.149305138329917986e+00 1.119157348811748776e+01
6.333284207935325760e+00 2.429072595598321982e+01
8.956052835457883887e+00 2.792485690259297826e+01
2.490486666359968737e+00 9.948530571915398468e+00
1.992510139078204068e+00 8.768397360869689905e+00
7.838384846614575352e+00 2.435369125857570438e+01
1.679621177693071399e+00 1.177561209052608682e+01
8.698089082054409005e+00 2.867669769154225889e+01
6.434597096623958734e+00 2.223167306305740709e+01
8.701918224331748775e+00 2.787822747709495630e+01
9.807405828732607134e+00 3.353158498885344585e+01
6.685833272623600720e+00 2.362640323141289400e+01
8.923952419748252041e+00 3.095437582851579350e+01
6.886939176120343120e+00 2.580317658271335546e+01
5.101221930553401229e-01 4.477489835555964248e+00
6.246318378192372567e-01 5.304178575730094991e+00
1.941259717198354773e+00 7.938641842822786288e+00
5.874061928400750254e+00 1.676156384604024296e+01
4.754426730733053219e+00 1.802696132382215310e+01
6.620874301377011939e+00 2.092913030294886312e+01
3.088832293922036953e+00 1.525302846948638624e+01
3.953937696863152329e-01 5.579322548554998207e+00
3.930554924344015433e+00 1.652887802277333407e+01
2.443766585387790791e+00 1.069338084735720962e+01
3.494434173774524588e+00 1.174956483917003425e+01
9.485246377522956962e+00 3.450172155490894710e+01
9.383937768780016953e+00 3.279928193710733808e+01
3.090584588620276740e+00 1.103987861091426481e+01
2.866776636487722296e+00 1.478999783223014930e+01
1.823969361106102527e+00 8.039945219354148520e+00
9.301512355502792317e+00 3.371120611537440226e+01
2.318661715346939101e+00 1.224311657648844864e+01
4.199168768004881258e+00 1.636631075926503343e+01
6.963336975249269756e+00 2.700154998990878141e+01
7.395357306672441844e+00 2.743730419272840493e+01
9.926829331092818620e+00 3.012392584086507696e+01
1.362526491696749442e+00 9.860351440693984060e+00
4.012613851404374543e+00 2.054391325356729681e+01
5.658130951791896734e+00 2.295335235432745336e+01
8.119993870311272843e+00 2.854839359325000814e+01
3.459427876423769810e+00 1.449020516978976936e+01
9.036026896166429623e+00 2.982057305928749003e+01
9.508354097895240997e+00 3.148620921628722868e+01
9.784424249689656961e+00 3.313056708956753482e+01
1.306602228744525585e+00 6.728996488141983257e+00
1.643107344718415241e+00 8.990424240165186376e+00
3.176548297158332534e+00 1.760896006675809389e+01
4.196588548653692463e+00 1.472510574793246363e+01
9.976027499916041208e+00 3.632804010608696643e+01
7.722180787773403665e+00 2.686541587378917129e+01
6.480297223260489403e+00 2.329765940775868671e+01
7.194686222445691115e+00 2.534363268939892322e+01
3.516034941546133386e+00 1.791539975653321548e+01
6.419541624683256842e+00 2.249482166564417085e+01
3.926752604356109622e-01 7.262450171808319865e+00
2.758644595386738896e+00 1.475507476316125377e+01
9.837321164514454708e+00 3.131021889959152205e+01
5.521080745407704882e+00 2.123516036689728281e+01
7.630408068590631032e+00 2.760794860939831352e+01
6.204698406664616250e+00 2.323175072254123918e+01
7.501944428065078441e+00 2.494987531999307251e+01
4.965762984020077653e+00 1.939104929694457269e+01
9.982106285167869686e+00 3.383683033186640898e+01
9.245701316419669524e+00 2.936550977960140685e+01
8.526247982214322008e+00 2.803525190797471112e+01
7.223889830724372629e-01 4.889756711270251799e+00
1.161103842674826581e-01 5.468812388960667903e+00
3.665646318149737848e+00 1.852196964157180048e+01
5.478128942151951009e+00 2.030160964907996757e+01
3.204444692818101181e+00 1.099588120803748481e+01
6.833719834406379867e+00 2.323903201702904298e+01
2.049932153177022265e+00 1.007343383136557691e+01
4.107014097463798308e+00 1.508627037814063243e+01
7.219480246880301877e+00 2.641632996943507905e+01
3.678129073518362269e+00 1.460646638595510538e+01
9.914054298766995288e+00 3.140063999200244638e+01
5.139341052316805936e+00 2.202169591591561115e+01
8.010074541876878840e+00 2.944926849823231407e+01
5.640941771206882116e+00 2.091566622965125788e+01
6.758843446782018205e+00 2.456819141626851177e+01
6.429605135300015206e+00 2.337091880827601997e+01
4.810874725004532504e-01 5.887908204973967052e+00
7.788829384781593035e+00 2.510165619738310738e+01
2.328074652562286406e+00 1.372046355479612778e+01
3.055121130346067915e+00 1.525781966159572534e+01
1.250469801638411926e+00 4.676024192837752835e+00
4.832369413062099994e+00 1.509742573637166529e+01
4.452943331710562447e+00 1.966227356676499838e+01
2.990446665033635654e+00 1.240555518730458573e+01
9.925547321810212154e+00 3.352290143530236577e+01
9.164018863980864182e+00 3.152714708757891415e+01
1.051374935537098265e+00 8.384669540670738996e+00
7.390473273972883561e+00 3.202073011763231136e+01
3.370201032728548096e+00 1.422070451248399969e+01
6.564287972463839438e+00 2.287597153626895619e+01
8.748970844060572460e+00 2.943047774785153692e+01
7.253846797672954594e+00 2.558490083135856352e+01
1.948768172965109624e-01 3.217670175991932169e+00
8.870574900036581667e+00 3.089234885347856618e+01
5.996201547121437159e+00 2.184833595230744052e+01
8.573554089374658460e+00 2.862286761099434784e+01
9.470873269879447776e+00 3.092433534257074612e+01
7.693689279535154135e+00 2.723712350010869088e+01
5.011390228414244419e+00 1.786114524790480829e+01
1.494168609935098146e+00 4.517967988305827909e+00
7.856557187996061842e+00 2.649516949689307310e+01
5.099429950435533598e+00 1.908990324634187630e+01
9.181814176012627726e+00 2.908926037883428251e+01
9.370425074394084675e+00 3.389489823446707817e+01
8.958696605591365270e-01 8.297723282999150740e+00
6.836775710066663514e+00 2.609084851198505817e+01
6.399648223474189379e+00 2.353679988423755276e+01
5.037350726000354939e+00 2.073281063763582210e+01
2.375940650896366524e+00 1.050000791577651782e+01
3.021093117747560619e+00 1.091489806927002348e+01
6.052236965267673519e+00 2.389746563954740921e+01
9.322400205538222906e+00 3.405706312151703941e+01
9.480683796380178663e+00 2.982889298250994159e+01
6.948900748297277552e+00 2.418853974410248497e+01
2.029909091585624381e-02 4.254374489390734482e+00
1.811400468846786627e+00 1.268392361091941645e+01
2.529737385675212558e-01 6.775970663965827256e+00
1.104436293027120097e+00 8.838447211952132676e+00
3.465665320671239336e+00 1.302076344151480747e+01
2.460311660274464352e+00 1.130588304497705998e+01
7.140047947313552967e+00 2.505268951042203796e+01
7.497208536056343409e-01 5.049511368591971916e+00
8.685818579253490768e+00 2.875825893199171546e+01
1.477377160730648509e+00 1.215294910243802384e+01
4.609999029921814540e+00 1.722767338157862582e+01
9.861684550730151599e+00 3.516065491403632848e+01
3.153796243272199984e-01 5.612074160238126552e+00
9.100173559062552542e+00 3.138238786031722682e+01
9.063950602355664188e+00 2.931370771422255217e+01
5.962205834076774735e+00 2.429660650934395605e+01
8.093874060325360276e+00 2.796027923844932062e+01
2.275943191032663293e+00 1.215621304997456775e+01
4.676661463991766965e+00 2.033900612901402383e+01
9.396616041503696337e+00 3.125164467764682996e+01
5.427505295430705701e+00 2.218471288545713449e+01
9.895865210353106178e+00 3.437827130299529443e+01
5.726918181141961384e+00 2.244598509467947878e+01
2.860053664372878224e+00 1.426244253765486469e+01
5.297959790940556246e+00 2.665295962872550461e+01
3.227039590972922145e+00 1.256524127368319554e+01
2.887803756128226595e+00 8.106578810264508661e+00
6.416507441722819394e+00 2.578651545635395337e+01
9.282053077102061067e+00 3.151018467542680668e+01
2.483664741110318541e+00 1.260044823599730890e+01
3.747736619895217558e+00 1.278969685399060552e+01
1.840600739994914248e+00 1.492093910324526007e+01
1.101933558957848280e+00 9.795228006184110825e+00
3.867873445230366691e+00 1.965116337133996893e+01
9.174346969130935392e+00 2.904495030117725918e+01
4.765879268131111957e+00 1.578847894148434250e+01
4.509593477928541816e+00 2.099210594580068445e+01
9.523270631995965019e+00 2.831914928589520031e+01
9.646802635361716227e+00 3.372598793964682073e+01
5.158902960517162128e+00 2.089381013224378236e+01
6.911232220278712646e+00 2.304721332048504934e+01
6.319134785310871472e+00 2.278692259953416510e+01
3.687847770196702513e+00 1.832241891421202951e+01
8.692885172977270258e+00 2.884641029229579345e+01
5.212560715788038479e+00 2.148545877103158830e+01
6.551480910046648454e+00 2.775936686220545724e+01
4.267221121766580083e+00 1.844724375424864604e+01
4.126243316248134896e-01 6.227304576131792224e+00
3.365258657706219125e+00 1.582328756243405721e+01
2.947528920530727348e+00 1.229640407884336817e+01
1.283861438684140710e+00 9.478906510885810377e+00
1.403019362943466186e+00 7.461063890662957832e+00
8.960872772683392995e+00 3.185844025432846749e+01
6.664072926624557525e+00 2.730617713975556882e+01
4.381632743964869903e+00 1.790809669254097258e+01
8.142350185370865745e+00 2.584706856261989927e+01
3.239078077626316166e+00 1.764540125476035826e+01
2.982805285226471703e+00 1.283235630793447868e+01
8.727671179539033375e+00 2.987141588963229921e+01
4.726063994455839357e+00 1.679552761368676173e+01
1.064090084524239588e+00 4.388854722948742904e+00
1.206981666211393023e-01 5.107499371706955671e+00
7.385116290804413453e+00 2.488145407155318978e+01
6.628163826763048050e+00 2.262374164939868493e+01
7.825166594662695374e+00 2.222363970931750288e+01
4.942967447777779633e-02 4.049550691724038920e+00
2.841416542166824932e+00 1.055766021070080996e+01
6.684720668405953248e+00 2.605905598600446993e+01
6.852507967876677597e+00 2.380504519052203705e+01
4.923133399381121933e+00 2.138334922413510242e+01
9.184651193545689818e-01 4.301785245236482425e+00
4.191848464959335274e+00 1.501078094402945418e+01
5.622619532806204745e+00 2.069186453221692190e+01
9.887045770656204269e+00 3.338686582613679832e+01
4.303469552208030180e+00 1.277370005000881292e+01
6.561273604740032184e+00 2.631125789327676046e+01
8.490459024833777235e+00 2.838727827226967904e+01
4.398831810551342869e+00 1.345837826638476642e+01
1.549783476707442542e+00 7.803445437357090952e+00
7.899984667485501433e+00 3.018558135559268152e+01
9.411781776371059394e+00 2.819546920898484288e+01
6.816076695892850701e+00 2.676477851198982449e+01
6.095159151958716492e+00 2.295345761880579616e+01
8.800066376742481822e+00 3.009201896914488827e+01
9.245317583618820834e+00 3.107756300653449344e+01
2.735719890915580876e+00 1.329340026842971412e+01
8.252685280263348133e+00 2.986782491533883643e+01
2.151689589679254055e+00 1.206489473738729856e+01
2.254488554384657117e+00 8.780541653255585999e+00
3.942764810741233639e+00 1.534290906742730698e+01
2.364405188143371639e+00 1.197253793508235908e+01
7.891644265550684878e+00 2.993326188988472580e+01
5.666982614786114425e+00 2.410892842964334903e+01
9.683449578460294305e+00 3.309164710247293328e+01
3.513468227602165594e+00 2.075904068719802353e+01
7.537433120680581133e+00 2.538914698872251918e+01
8.817538853927066711e+00 3.173697666665171724e+01
6.274027326387022541e+00 2.353191165031154952e+01
6.791470576455225228e+00 2.325700047006069937e+01
4.130580694049525547e+00 1.911233366408885104e+01
4.830825813905484267e+00 2.020739605009984174e+01
5.801874303218009565e+00 2.577957938212002986e+01
2.156845087053973486e+00 6.302625976710496403e+00
5.592030075251530619e-01 5.395418534425330925e+00
7.562665224878439840e-01 5.827241809294969599e+00
9.433517601432857447e+00 3.299188224871732444e+01
5.963633979799752183e+00 2.543530295172416800e+01
5.363276142705042382e-02 4.581826721343414732e+00
1.190466126762719234e+00 7.383872432387024176e+00
7.907229332592681459e+00 2.633370888760547501e+01
3.261280682937917952e+00 1.089616385507516583e+01
7.188538989533189039e+00 2.270222710843253822e+01
7.261072693976993619e+00 2.847783979302965918e+01
7.215446563728836971e+00 2.799028711359615684e+01
2.291903721068899724e-01 4.887618094193847185e+00
2.664244659614258826e+00 6.987138984714390766e+00
2.974993547942188510e+00 1.404511793484663151e+01
1.084606378158607942e+00 3.771422643926694018e+00
4.454948071982798297e+00 1.871748174739807524e+01
9.161784125698295256e+00 3.381394015330207736e+01
9.292052639984160756e-01 7.009949755614741207e+00
1.999907954972440782e+00 1.205635644954881158e+01
4.516245619493752805e+00 1.558425717287729562e+01
4.059966437608161449e+00 1.308927701856682901e+01
6.809352864406967853e+00 2.278289795078654478e+01
1.987407049104187307e+00 8.674025302652552227e+00
3.979587135281671628e+00 1.579647021900584747e+01
8.162111795757843069e+00 3.239683976137193611e+01
6.158051879228563230e+00 2.187200255020275819e+01
4.686308110429877161e+00 1.369803723735897805e+01
5.677242961628596873e+00 2.019979505573534695e+01
5.324411668963571209e+00 1.955593190521853586e+01
5.620281042079416700e+00 2.092551013416911942e+01
2.087219278591156968e-01 6.099712447577007701e+00
9.776503185919288796e+00 3.294184233231133163e+01
6.244430309661996858e-01 5.917017485688753631e+00
3.264706484287099642e+00 1.255433604342395526e+01
9.673108192979590569e+00 3.054728876961323181e+01
5.557995381096776377e+00 2.073902972496291852e+01
4.595889657463559708e+00 1.742458770635982646e+01
6.881372824495617380e+00 2.290821737208873543e+01
8.100365356462313482e-01 3.950389360894980051e+00
8.396650407288568374e+00 3.462224169373111948e+01
5.728918729848702540e+00 2.289823118453088213e+01
9.327730333714860933e+00 3.204312135288161301e+01
9.866549450921670683e+00 3.277482876901007813e+01
9.298032772558203263e+00 3.529543562765736198e+01
9.975713050264175763e+00 3.170232574658768954e+01
3.726809422151355911e+00 1.536219957603056585e+01
5.845491197643966963e+00 2.123314271006732312e+01
9.312188876915442393e+00 3.153419842641394055e+01
2.015292093971661203e+00 8.289825598662227790e+00
6.488996923821011009e-01 6.244202221063965830e+00
4.497942184886807304e+00 1.727750583098200821e+01
8.440227025203054012e+00 2.392338894800450433e+01
1.115715403191052113e+00 6.046682519036611581e+00
1.108696858008524355e+00 4.562042548980796752e+00
2.758942972635281876e+00 1.498666869895374454e+01
7.606291834706315313e+00 2.723537961860694168e+01
7.817897903881885213e+00 2.948548667551562374e+01
3.440309409839457100e+00 1.360033153551818330e+01
6.914076220471939926e+00 2.680517798655865036e+01
2.333840021800992481e+00 1.254282453415133070e+01
1.905381551603272383e+00 6.780706080531720303e+00
4.679706269666526808e+00 1.902732141006924849e+01
4.850406074415144708e+00 1.953792379187838435e+01
5.305048126895092864e+00 1.844120543180882521e+01
3.593720565845703874e-01 6.265882728834856863e+00
4.149783679652912838e+00 1.457162395860879478e+01
7.531258037832646579e+00 2.733338748368471727e+01
2.674732438916067601e+00 1.241969211124547101e+01
7.595907522886691243e-01 1.039427391935088707e+01
3.771682806994692605e+00 1.896397446480521509e+01
5.733099332042781882e+00 1.987490948405699953e+01
8.535182884087817001e+00 3.157176664576784830e+01
4.272611488643510924e+00 2.049245264047931414e+01
1.269976473312114384e+00 4.404551921997459374e+00
5.130835411483123387e+00 1.933846025112575262e+01
3.561082467954417297e+00 1.323238522085546975e+01
8.192761480586796097e+00 2.750979318997069356e+01
5.117867028343176194e+00 1.885450774723918599e+01
1.886631439527545195e+00 1.150137608894736729e+01
3.170573378325958203e-01 7.154985282080959408e+00
1.529939511779763173e+00 1.139196008721648035e+01
7.297262823878591931e+00 2.494809440983705784e+01
9.859156852183389219e+00 3.513048711861872420e+01
7.243225364665207167e+00 2.514712036903640779e+01
6.841021501106308911e+00 2.522272307726231588e+01
1.955560492392851568e+00 4.440730581389948028e+00
2.906343584162858207e+00 1.338289983888317281e+01
4.351123243060284196e-01 4.467829055587452025e+00
5.279273100004790109e+00 2.245700421784788858e+01
2.875832690578080886e+00 1.500123209749196107e+01
5.996938506466981345e+00 2.375216934765532528e+01
5.091979157374200149e+00 1.995978522650683118e+01
4.255484643781251464e+00 1.756078308642757335e+01
2.174665553006463803e+00 9.461929198914292627e+00
5.320575593269047054e+00 2.250238226221989635e+01
7.537536008049094960e+00 2.911995721489402200e+01
7.294159692741272849e+00 2.540556168306755680e+01
8.655801151399122872e+00 3.139518866974082911e+01
8.947407714264199452e-01 5.292514302444804919e+00
3.789750006113412617e+00 1.751535784223466408e+01
8.699662409948912156e+00 3.211982920665425922e+01
4.688279643914395223e+00 1.752078473141774495e+01
8.977781090074044013e-01 1.156183409825844954e+01
3.076567757433188444e+00 1.286429518379626913e+01
3.083187452384053007e+00 1.089350553590645809e+01
4.085579435828845973e+00 1.931462335507735162e+01
6.405301409259935852e+00 2.379006730968148275e+01
1.200934116472102131e+00 9.801458130084336418e+00
5.178135062077008577e+00 2.165921839354278688e+01
1.045944763059217797e+00 9.077739141349677965e+00
1.880475277500586184e+00 6.555639444327738374e+00
3.552013360668868636e+00 1.390969141596312753e+01
5.569374113974429719e+00 1.880321936149881168e+01
5.032873231325623919e+00 2.240313664009596906e+01
4.600570577928154492e+00 1.650037799190530663e+01
4.292100640482946261e+00 2.066425890201497850e+01
3.429879951939833749e+00 1.580932874114990483e+01
6.076141937467338661e-01 2.844564708082339077e+00
5.979030234769301622e+00 2.241002140544096477e+01
4.993711533041363282e+00 1.817366748920049702e+01
4.872064766017196291e+00 1.795280371262906627e+01
7.283603005606499536e+00 2.667322111570040732e+01
6.537942618709063680e+00 2.267694496904599433e+01
5.240724016899061866e+00 1.665170764386326141e+01
1.194551132369048307e-01 5.771774265481474764e+00
9.528565031342866476e+00 3.212199792295698586e+01
6.082797063174832708e+00 2.000030614046032440e+01
4.347041132411277875e-01 8.377734417692167312e+00
1.823964237798280097e+00 9.104861272783178805e+00
4.401544623991174632e+00 1.625575850851831206e+01
8.296597578605286571e+00 2.957256789293970201e+01
8.484605862306204838e-01 5.201884213543587876e+00
4.290257185174800370e+00 1.829462208699489167e+01
3.141481360735223216e+00 1.292339951285766020e+01
6.502810628691294781e+00 2.139687773157072570e+01
8.847027487140621815e+00 2.779642297083771041e+01
5.665619362273915272e+00 2.027738402148804653e+01
6.571680963957189370e+00 2.285607502005454705e+01
4.516303247823664435e+00 1.914519204172380284e+01
9.258207236555120900e+00 3.211800331186064028e+01
6.273683753983099187e+00 2.439250120838172364e+01
2.570499502918643930e-01 4.219829564935372090e+00
1.658365584224275047e+00 1.167148384575763842e+01
8.257374926578430419e+00 2.911145193841659662e+01
8.942186535113516577e-01 7.570700331837458386e+00
7.494879859476325734e+00 2.480639771419533091e+01
8.001295148634801624e-01 7.303077081499471213e+00
5.740082667343935796e+00 1.810292022517716148e+01
1.660242750632687780e+00 8.284049947625973687e+00
9.969983553336220439e+00 3.220547714723426225e+01
7.746991381443225855e+00 3.042257142090848987e+01
6.043709998690417251e+00 2.151627061436897037e+01
7.981742348915023655e+00 2.844136515091901174e+01
2.605004197619074979e+00 1.333125928330628618e+01
8.040340516219600886e+00 2.696897078922408042e+01
1.317998673335082360e+00 4.227980550629128587e+00
7.751778080471918742e+00 2.933977271946957543e+01
8.309471673105036871e+00 2.544861760008153695e+01
2.187257769012997066e+00 1.300627599121662215e+01
9.729357222075339706e+00 3.425395697662207795e+01
1.534759603037246789e+00 7.515796201440995361e+00
7.013361282347908343e+00 2.405156375699835891e+01
7.052753953314725877e+00 2.344803356531633298e+01
9.854532208947086147e+00 3.365091333421565167e+01
1.376363409658176717e+00 6.984714670270980363e+00
6.726179221500330208e+00 2.539994848321024890e+01
3.461449394182461781e+00 1.503226356563312116e+01
2.532462573545378959e+00 1.000381304619652312e+01
9.348733493022979957e+00 3.071548117927703814e+01
1.806916776377365252e-01 2.682243809906116994e+00
8.935049166584015268e+00 3.184006414933810092e+01
3.447414901134403742e+00 1.974354511823785074e+01
5.080158305161082133e+00 1.943014268307612369e+01
4.097474574670841641e+00 1.733369768450068804e+01
8.233153417405125296e+00 2.801826815011171945e+01
5.152597105596880667e+00 1.618675959852050994e+01
1.035826907922205997e+00 4.747265376354100397e+00
7.531562914285916399e-01 4.241656745316058519e+00
7.973368227252502827e+00 2.968546973688793855e+01
3.420494102664722647e+00 1.594347795234762977e+01
3.921444905565925065e+00 1.684029204177907957e+01
9.892897696213884373e+00 3.190478924278724904e+01
1.777569869777397837e+00 7.940806339848466955e+00
7.483134447375117126e-01 8.039079036158064184e+00
4.010302394042764007e+00 1.831874746440302459e+01
8.586255241253674342e+00 3.032631861475397983e+01
1.018259005558841412e+00 8.358943278794569665e+00
6.028967875805774312e+00 2.519454038707346299e+01
9.795489899061748940e-01 8.820534273265078440e+00
5.049771624536396608e+00 2.254618225646796859e+01
1.747197326529572603e+00 8.743745156910636140e+00
8.653568416195622781e-01 5.609200035537693196e+00
4.537834183103013785e+00 1.983426024109627761e+01
5.423073881051861278e+00 2.018411044629934992e+01
8.228607468192272734e+00 2.815835656674623522e+01
5.763836679929531748e+00 2.595492991591247289e+01
5.863469352951417690e+00 2.185895407298013282e+01
3.177784414244953837e+00 1.133278683364836326e+01
2.974680618994399950e+00 1.221773559485102822e+01
2.988271973979286233e+00 1.097487624236858927e+01
4.715555670761140128e-01 2.927113366534305428e+00
2.830120284244843631e+00 1.183942032300418212e+01
7.920115414358520844e+00 2.734465858157197715e+01
7.931631959912447627e+00 2.902783157572275741e+01
7.443527879805913017e+00 2.930113482035786632e+01
6.423085708990664777e+00 2.205972890390930985e+01
8.781550438250373958e+00 2.703808971193630484e+01
8.654586825210740741e+00 3.080065881997323984e+01
3.823268523318032130e+00 1.207710199104729298e+01
6.652689077560975051e+00 2.349039345529540057e+01
8.853358991984258353e+00 2.911445200057783822e+01
7.398494147252376862e+00 2.587041255949834451e+01
9.251644534553729926e+00 3.089326989304913695e+01
9.773148910927172750e+00 3.333929000743699333e+01
5.078561055899011301e+00 2.017569871518057667e+01
5.965621399932542701e+00 1.944056134757734355e+01
4.579807949632895614e+00 1.227742738854036197e+01
4.355030869086069956e+00 1.768724446684174367e+01
8.982933507658807937e-01 7.663962167918192847e+00
3.673389667512992673e+00 1.450843109434405420e+01
4.473396284032138404e+00 1.589314669485998088e+01
5.965606514334483634e+00 2.118989264377091075e+01
1.262141193092327640e+00 9.757151136321276397e+00
9.813679799900986822e+00 3.744821490318225443e+01
3.615584624594212482e+00 1.513235335431025064e+01
2.554558698370660075e+00 1.235545906030405661e+01
4.098265350163607934e+00 1.854006869777352762e+01
4.797008501643421852e+00 1.747944946111300268e+01
3.429066262451358149e+00 1.273522419814322149e+01
7.690167948310810964e+00 2.975461342909538587e+01
9.531942368204100902e+00 3.274626793423617244e+01
2.229124384178438056e+00 7.666764669019826783e+00
4.538561633312243604e-01 5.178393637754555634e+00
5.660045497172817797e+00 1.842235770568509778e+01
6.397677150763455778e+00 2.275379421773531519e+01
8.557450705316618667e+00 3.008486501609999664e+01
9.046240049929487270e+00 3.160505825616669640e+01
1.116648125450458995e-01 4.766028249570616993e+00
1.798246068089632832e+00 8.370891657914311779e+00
3.261642529201382867e+00 1.418814736766467277e+01
3.114543624670819355e+00 1.288789378226951143e+01
4.931837730226313887e+00 1.740805635500368354e+01
1.400080811187475183e+00 5.853684423961455607e+00
8.468781718995003871e+00 2.885152967532885881e+01
5.207779961540843772e+00 1.642006147007687744e+01
9.819423368641777117e+00 3.563947142199758389e+01
6.222657670208015190e+00 2.034737483755337450e+01
4.076691533050683880e+00 1.848257151157675438e+01
3.315107583027899985e+00 1.194017673314284345e+01
8.654075064344626256e+00 3.001643588208733959e+01
8.781888274439438646e+00 2.982986068636430232e+01
2.435532413466077184e+00 1.222957303237067173e+01
4.903521263363207261e+00 1.839258962705898881e+01
4.320947829145333152e+00 1.733087596814656450e+01
8.660156276063638359e+00 2.860076256657197291e+01
2.282449821772552845e+00 1.087243319412819353e+01
1.509650076965527443e+00 7.603837236791202159e+00
4.491658675579090598e+00 1.586794977678696306e+01
4.531257981686328762e+00 1.716297504865521262e+01
2.976512526787828961e+00 1.019558619743892081e+01
8.118456635058691973e+00 2.766852001291103136e+01
8.205450582909170620e+00 2.920066471695766808e+01
6.930845818944276537e+00 2.251837817644586437e+01
9.527203152310205425e+00 3.649922686726609555e+01
9.013374421313691265e-01 8.420458710179595130e+00
9.452312013042192262e+00 3.502549242053586198e+01
1.528958787610419368e+00 8.282985929675175996e+00
7.239385462081479261e+00 2.545985977646891030e+01
4.453441866304999941e+00 1.608888619533422570e+01
5.257300838549014088e+00 1.749261411662656229e+01
3.815450124163348722e+00 1.705881834911715700e+01
3.576993773832542800e+00 1.223914528738483476e+01
6.022106921127843293e+00 2.025693998407270158e+01
5.965188147686975029e+00 1.941046428668317247e+01
7.137767239352667659e+00 2.119022299573645896e+01
7.166259932637926156e+00 2.450467106271807793e+01
2.973333652488707735e-01 3.145288404033817375e+00
5.418518574910877739e+00 2.257125868246548706e+01
6.658172668067285471e+00 2.598848606030301056e+01
7.791708261392903623e+00 2.836889648330276614e+01
8.886723073235371473e+00 3.139339906143369774e+01
3.260058278667281595e+00 1.509149668175932923e+01
3.938052973722295569e+00 1.503914415560810447e+01
9.885289164458743727e-01 5.867834480681604070e+00
4.445479414271712670e+00 1.716913886912175258e+01
9.158217231681511805e+00 3.552450991178406525e+01
2.952278281437138219e+00 1.072140502760719727e+01
2.380629100310240887e+00 1.186758929513635863e+01
1.651450606492438355e+00 9.603631715773145672e+00
5.805767910694240364e+00 1.904221371705144250e+01
5.234164668673017218e+00 2.024004981361810351e+01
4.468762258804676257e+00 1.523575590156101534e+01
2.674736162527378003e+00 1.353432191484994362e+01
9.774277811793922410e+00 3.250958520737692936e+01
1.608640127517769747e+00 1.124492284279240195e+01
2.769773591831625748e+00 1.196200175510959163e+01
3.140316811738590452e+00 1.270160350652565029e+01
4.188078307328579442e+00 1.525399495690500906e+01
1.802631542433889011e+00 1.005133040592837190e+01
1.536724207632167438e+00 9.385671773293870146e+00
2.422850878744483794e+00 1.020225110157926096e+01
5.246357745620235491e+00 1.868269043924203388e+01
7.646531495028455971e+00 2.935652422013922092e+01
2.776226851143421825e+00 9.722101934891020036e+00
7.884323054347522231e+00 2.917857966172098472e+01
6.722202661071241536e-01 5.800828279928695430e+00
2.342271318034986116e+00 1.191801359887850964e+01
4.219332424105603607e+00 1.892802466960167607e+01
3.435251842825333135e+00 1.398794211460600678e+01
2.770699094446137600e+00 1.102912821188383496e+01
3.712286651797739090e+00 1.392756548785003901e+01
8.251039150852880866e+00 3.069365542296491611e+01
1.838863811227504641e+00 1.102929059627347996e+01
4.376931554955497461e+00 1.933527435704163366e+01
6.461723844146787243e+00 2.530501508956356815e+01
4.139945352237679899e+00 1.718476730992217938e+01
9.035752874142438884e+00 3.060464946214890247e+01
9.957892885632702029e-01 1.095076450254178368e+01
4.100121246718046564e+00 1.595841448138111396e+01
9.554397798773573314e+00 3.772164855822019547e+01
4.660011133575464370e+00 1.783472266473557610e+01
8.343700939010968654e+00 3.073684311984854745e+01
6.844718086676915281e-01 5.619851694055177482e+00
7.323455072848897629e+00 2.358569513617941382e+01
2.782935055137275349e+00 1.392112975856957746e+01
7.991619329357901869e-01 6.044511102259844115e+00
6.322372603860335616e+00 2.402960616569243868e+01
8.047176039622268462e+00 2.687396515259024454e+01
1.314593721296686279e+00 8.962404808062336414e+00
6.599488604289016624e-01 4.611858599732253872e+00
9.297590825913411905e+00 3.304936641511446993e+01
4.016624484853892341e+00 1.925906366150747573e+01
2.094352916967231693e+00 1.190944456564536047e+01
9.623305679713338279e+00 3.143515393228494403e+01
9.364653265056837483e+00 3.133777554447417302e+01
2.707102618925914861e+00 1.476895227788134157e+01
1.915828444991805046e+00 8.724948250343594225e+00
1.255531388552896255e+00 7.786863094254548479e+00
4.091208193214050048e+00 1.571855631516111806e+01
7.734856548513942442e+00 2.607246331872664413e+01
3.471733556762393924e+00 1.655106772375396318e+01
2.490508715359862624e+00 1.183516619822936633e+01
7.808895591062970709e+00 2.746878399595289721e+01
3.822891040369688298e+00 1.601474033450779899e+01
6.272855302724622550e-01 7.756495322550341243e+00
4.438527217980928086e+00 1.618388622951431444e+01
8.601325286547670146e+00 2.384013646047115031e+01
9.880349199660033221e+00 3.217845749699717572e+01
5.775492403417304743e+00 2.004792937074032011e+01
3.962313104000305675e+00 1.651299323170845312e+01
5.606745046961693291e+00 2.359081742490385736e+01
3.833689199321233865e+00 1.205595353532383385e+01
2.876394235097575525e+00 1.227341526743065714e+01
7.353145134445791875e+00 2.547587751134514278e+01
2.088533321171802903e+00 1.545762901668522105e+01
1.158975677892715161e+00 3.333402861681235230e+00
8.211846181564641967e+00 2.750380341552288499e+01
5.342826087514274125e-01 5.332963314842246838e+00
8.563109320586481665e-01 5.172255169638897421e+00
4.369386182725997436e+00 1.717805181925480085e+01
9.998014490331346593e+00 3.624530948127710417e+01
1.070394990596107432e+00 4.257035427755148760e+00
3.794505667218830425e+00 1.431079100694433315e+01
9.889060312716679846e-01 6.486021970515175816e+00
4.411841329686949642e+00 1.488201139133697382e+01
3.413474863769559775e+00 1.447957442577117604e+01
6.282104751259658393e+00 2.235666552786491224e+01
9.560388003441808280e+00 3.373042445140290368e+01
1.971893358823023634e+00 1.358137982042732972e+01
6.797848912533592802e+00 2.162481559106887730e+01
