4.711304644997817981e+00 5.962748590371965207e+01
7.973408828160637007e+00 5.257921251653513082e+02
8.481779865562888432e-02 6.997901905150340218e-02
3.195411914705331924e+00 3.152222372681472873e+00
1.122271272267047593e+00 1.129662686692935125e+01
7.495792006413839026e+00 3.038451659262265139e+02
7.731597466392579499e+00 2.385355414409230548e+02
2.663341371439272187e+00 2.907777286350161461e+01
4.943659571037367861e+00 7.617851006329406971e+01
1.083535200691708056e+00 9.515850905075065924e+00
7.061763340242405818e+00 8.056025475878158204e+01
3.439951479708433624e+00 9.344754476087005912e+01
4.161697013977142312e+00 7.683520363847448209e+01
1.155858158069230868e+00 1.165555575950154932e+01
6.858530981815601280e+00 2.465195826150234950e+02
4.352042912016357512e+00 7.556890676459218525e+01
5.898976091683213241e+00 1.706903040713374935e+02
3.461482198902735341e+00 5.762581772897713961e+01
4.286119455090672936e+00 1.322960391892359944e+01
6.953859497489700559e-01 2.840752037990474488e+00
4.454737973624949277e+00 1.230061820316234531e+02
3.024888234529376163e+00 4.053259917459158856e+01
7.219102296186965084e+00 2.297917720934851502e+02
4.964044782301342273e+00 7.236734778858944139e+01
2.192514200419924286e+00 1.063686255891729893e+01
1.190300709218951702e+00 3.843037172078215491e+00
5.501030665426307920e+00 4.480828131370073919e+01
6.102017580553277476e+00 2.800997156765151317e+02
2.382746308064960239e+00 3.222790118526421566e+01
5.445430170174883067e+00 1.121854743010031399e+02
7.907215812617119255e+00 2.040597023419444440e+02
3.744002526299643030e+00 1.105345632760659242e+02
1.836887284040186863e+00 1.350890299968747854e+01
2.427524471042471710e+00 2.019455583887720707e+01
4.323581287785280836e-01 2.581348468231269067e+00
7.083349468522545322e+00 2.927268539763535387e+02
2.708320224788934638e+00 3.646409579084814823e+01
6.279644686199251424e+00 2.176374934428517633e+02
6.430216903244483362e+00 1.411112608573272951e+02
6.645650486526236023e+00 1.717963051625061155e+02
2.023762488877151711e+00 2.098757441432443827e+01
2.615494384750025603e-01 2.731438499537385045e+00
7.267583885684656408e+00 3.567782929593075210e+02
2.868494049927191369e+00 4.411889169423260881e+01
6.436363399132060792e+00 4.708315371463687882e+01
7.963890973770089587e+00 5.076182830377325672e+01
7.012026520540128871e-01 6.172499436438533493e+00
6.402560895837146049e+00 1.369505566590772219e+02
3.533817174863798982e+00 1.095852408340591353e+02
9.043560893999336159e-01 4.801568309667040069e+00
5.952011752575755210e+00 1.006022637671268001e+02
6.949626541053803841e+00 8.939212173888212476e+01
2.832449359179616266e-01 -2.167068958918053623e-01
7.086967182234819695e+00 2.212480884605123492e+02
3.248753424045764504e+00 4.083877696927999779e+01
2.626325775862722089e+00 1.935111521215482711e+01
1.743475535288689926e-01 -2.684689286243178152e-01
1.908307025197567341e+00 1.778522696314986362e+01
4.372711597818706331e+00 9.043175888640743665e+01
1.800786447349178587e-01 3.068772284832343988e-02
4.327157325841248792e+00 1.903214588390656559e+02
3.139163255203936131e+00 3.814069473078566830e+01
1.385674158850115134e+00 1.040796410801346283e+01
2.501333775217048583e+00 5.094518604465978484e+01
5.433077046851320979e+00 1.987608001036204541e+02
1.043524210070001956e+00 1.303216185515989700e+01
3.471918466671759518e-01 2.356811413907732522e+00
3.923986359554020531e+00 1.059524883913164217e+02
3.284703604466767679e+00 3.852435868727851442e+01
2.222333940144857856e+00 3.345144829843227363e+00
5.235583170045960522e+00 1.241092240416796244e+02
1.005146387529177510e+00 1.748425415548410911e+00
4.510959251575448192e-01 1.558639849894003060e+00
7.073158530749902972e+00 2.486567153790983582e+02
8.723234298529263242e-01 4.845780164555366198e+00
9.667890390999573924e-01 7.127530004805897157e+00
3.699708914016177630e-01 4.216447621321030681e+00
7.657001192353845909e+00 1.251874814024549778e+02
4.331467831568834193e+00 7.969949483613537211e+01
2.589255503091679067e+00 5.034179722447473893e+01
2.070898300029328176e+00 2.462768991886754932e+01
5.215421930433000952e+00 1.007175339441517821e+02
4.291724342890804067e+00 5.436722809489599229e+01
2.743821482783498134e+00 3.974395514627511261e+01
9.182502402901082661e-01 5.672412997455441364e+00
1.315918894086334667e+00 1.229823148575386504e+01
3.929374309362828832e+00 3.936885476429642949e+01
5.174340563985013297e+00 5.978041185848523043e+01
7.430277879692570586e+00 3.351595586463139398e+02
3.433915861054034124e+00 3.164445316064090363e+01
4.108290406075685297e-01 2.290843772032742365e+00
1.448934227479854897e+00 6.134992882669261682e+00
2.920513027375868376e+00 2.232255943613304794e+01
1.898195709528245345e+00 1.631621191432688178e+01
2.367174971330713085e+00 2.751409139311027374e+01
4.059547204445764557e+00 1.040923558660359163e+02
6.429461329685971727e+00 1.587480745863102811e+02
8.900007989831593136e-03 2.378136427093572980e+00
5.145701077705632898e+00 4.001290080290257833e+01
3.995101881665418908e+00 4.331049766068595375e+01
9.064641548384617664e-01 5.830604202719681162e+00
1.901067199217824744e+00 1.203822627791692135e+01
5.616534448605705165e+00 1.908470780430115781e+02
7.155709905873398391e+00 3.901790263126820832e+02
7.215154221203970764e+00 1.202594784004337072e+02
2.851827976116969587e+00 4.180611815625219663e+01
4.785780092836125377e+00 4.839078911376459047e+01
3.222320139236391157e+00 4.570197321086514819e+01
3.451603013515649465e+00 4.171560404290806900e+01
1.408550842252643598e+00 1.012650832762101771e+01
4.379498958610167136e+00 1.399419099079395892e+02
2.069752639346439160e+00 2.670627204081063510e+01
5.762745492013086945e+00 1.654737029196074047e+02
7.764866585903698493e+00 4.129179005915455605e+02
2.248859633539056269e+00 1.636159378688474320e+01
4.222518785950578390e+00 6.654362310898737576e+01
5.737930958398355763e+00 1.627806964494931776e+02
5.775374857557799224e+00 2.196697550700617683e+02
5.225846877593455453e+00 1.722242089903350575e+02
2.118490224786851783e+00 2.522801434987433922e+01
4.447626294246893153e+00 1.116001889930732034e+02
5.717272367973547098e+00 1.508938844290891268e+02
3.996558363804437519e+00 8.499987449308352438e+01
7.262171356326548199e+00 3.611709044918130758e+02
5.998123694669770245e+00 8.614592469633024052e+01
7.447123247456382877e+00 1.184282877830410854e+02
4.527906623974876865e+00 1.046922996510728012e+02
5.956484489105324798e-01 1.616592785418293765e+00
7.089900509818049201e+00 2.340569479927745533e+02
6.917648679760032060e+00 1.163900124463576304e+02
1.657002326937542236e+00 2.376332189562035424e+01
1.823956048675034580e+00 1.167832267140587632e+01
4.426364778721842086e+00 8.760528584278956998e+01
4.162534183649357900e-01 1.083012888484806702e+00
9.485864418354221783e-01 1.123637939927820462e+00
2.751496902539447120e+00 4.373084460499548953e+01
4.220162627235110264e+00 7.867825312982199648e+01
7.580458501174953234e+00 3.478046980509175796e+02
4.791617991172880231e+00 5.613799772665182530e+01
7.115244329424408321e-01 9.571762908894787536e-01
4.767666991117399888e+00 1.182202583060095691e+02
4.808281084582757714e+00 1.727953286138498186e+02
7.189765005716706625e+00 1.471520953555376821e+02
2.057632874997811001e+00 2.109109317278703344e+01
4.236193318103361527e+00 3.169173167640881417e+01
2.364115876980516617e+00 3.583283225270190542e+01
1.425059881922043026e+00 7.617032673902265572e+00
5.772076408117581714e+00 1.577671365146610185e+02
5.884949277753017682e+00 1.556621775744246747e+02
6.622896917135622452e+00 1.015284229576518129e+02
1.858286781497296758e+00 2.199122600676125217e+01
4.161803077325934019e+00 1.089678420181854790e+01
3.604550318294924338e+00 8.663873083061980651e+01
6.834158416374621403e+00 8.998168090067767366e+01
4.894260430838925480e+00 2.127323017511464798e+02
2.752356757753951833e+00 4.918764064451499962e+01
7.559991544780042538e+00 3.303304151510741917e+02
4.283717693686607042e+00 5.030165714497044860e+01
6.663877641467117030e+00 2.342397980376831299e+02
1.143498331687842651e+00 5.699871988017338076e+00
2.748276277880860263e+00 2.398108918803449541e+01
5.872391134666148815e+00 1.852214748850755086e+02
4.510375178399723239e+00 4.830317586443603517e+01
7.781714127335610520e+00 3.214315636049242926e+02
5.705862086981241532e-01 1.585588651546800953e+00
8.179326795502994685e-02 -2.074874908186907341e+00
7.644518881637011987e+00 2.901810144549347115e+02
2.579049583130796464e+00 3.481809023068507969e+01
7.081729713560491746e-01 3.052944866618184427e+00
9.496273367762979589e-01 9.153860415039510201e+00
6.850858007958782636e+00 2.148307663261292646e+02
3.533217401355197573e+00 4.305978297257532006e+01
2.385372457532544566e+00 2.327025642142028516e+01
2.804812284685755941e+00 5.856437795708046679e+01
6.824171688696418769e+00 2.392100980194087185e+02
3.483830279267765562e+00 7.771257228533174555e+01
3.635129666908880175e+00 6.098551602684474204e+01
2.666921900198087059e-01 1.536949373555213993e+00
2.269761562296227275e+00 2.536155497551900950e+01
2.312317100379404522e+00 3.000081637003269464e+01
5.198681585183897447e+00 6.798405209177799691e+01
7.391266306616473436e+00 3.143570494953845582e+02
5.858446285172828283e+00 2.121080634287570774e+02
6.106997980498997336e+00 2.288660953949124348e+02
3.369591302062945104e+00 6.705696323850315821e+01
1.941362374634915788e+00 8.536078418328870043e+00
2.144010806173586303e+00 1.722439985005285834e+01
2.375377756337781143e+00 1.779827659268200080e+01
6.098148167637886807e+00 2.079269625987344625e+02
3.305377610233486863e+00 6.150155515639720960e+01
4.481397086322541412e+00 1.017076272816672713e+02
7.138489071443357759e+00 2.601738370151944082e+02
2.286520303050002312e+00 2.457446257815139035e+01
7.673807196154088572e+00 2.214772258438344181e+02
7.713328090467207687e+00 1.980635565764335979e+02
3.455063183364178059e+00 3.642422322818232772e+01
7.634616195779271308e-01 3.538038530761171696e+00
4.036987589764176931e+00 1.033934763492292461e+02
3.467138766246208093e+00 6.966923184082817500e+01
3.489641918211689564e+00 8.209188843783577738e+01
7.604867136892154988e-01 9.295479176349456196e+00
6.244846503445051766e+00 2.357778699105866451e+02
6.024440479154193007e+00 1.873798450248515053e+02
3.029336415955675932e+00 4.809634061310424613e+01
3.660219012113365977e-01 -1.036806418796657914e+00
3.765920207833801214e+00 1.031336880999142664e+02
7.070509265381197395e-02 2.857761285962519437e+00
1.734953368493375336e+00 2.143659915441240926e+01
5.828989154928081895e+00 2.374458049482590241e+02
4.116439053340602783e+00 3.119032812459733606e+01
7.356956809605271985e+00 1.264284999021185456e+02
1.479292276464271083e+00 1.368192490847038023e+01
4.036544856642324319e+00 1.100167566077903416e+02
6.881712658224921064e+00 2.100324508157868877e+02
7.504746470209309628e+00 3.632556570646627847e+02
5.429010251893009453e-01 1.745890436415615365e+00
6.657857223133367697e+00 1.186153077787064944e+02
5.004267211032135343e+00 7.030778942148576505e+01
2.497744670648643250e+00 3.569495315599728258e+01
2.703571831128508407e-01 4.598804572925323519e+00
4.672873866793619158e+00 4.536588914440246612e+01
6.222242425881141514e-01 5.856345646358377621e+00
5.255080234611512857e+00 7.897169608388263384e+01
7.060205509894731613e+00 4.029059879039162695e+01
7.966441067557545885e+00 2.963326970511354830e+02
8.474567708663283128e-01 3.322884349375959445e+00
2.480238621766042151e+00 1.030182793088562221e+01
6.856701297519463445e+00 2.303771223592829358e+02
6.952498695859947730e+00 1.345398479246262866e+02
2.343617032981170745e+00 3.939773599700592399e+01
6.294578758106911032e+00 2.073423522293296912e+02
5.034886874810374557e+00 1.748926930086136338e+02
3.117029169970125579e+00 5.111840411892862335e+01
2.257617239144627419e+00 2.025016795266074254e+01
1.758525584539412989e+00 2.263291989525568226e+01
4.711493430624540402e+00 1.251586100403368960e+02
1.855074258614190619e+00 1.712493309678897191e+01
4.351561524482094434e+00 7.780232036932446249e+01
2.881022348146364820e-01 4.927342463458686872e+00
7.753416354797374233e+00 3.766452345670376758e+02
1.741654966244077229e-02 2.486852848714270703e+00
7.308451181977977384e-01 1.674721457617045051e+00
7.580628575693960869e+00 1.253212151028290577e+02
6.830265041507569634e+00 2.222626659393439468e+02
4.299628908889149947e+00 4.697747006427106697e+01
5.044868127469346319e+00 9.460616996321206784e+01
7.351689208344203585e+00 7.172330959951844420e+01
6.632872548539870294e+00 1.873409257651190103e+02
4.905039090822418402e+00 9.977598495149683799e+01
8.585513093410455099e-01 1.767532626356182135e+00
7.417324967880037256e+00 3.383268099233310409e+02
9.551947069685127190e-01 5.067169557515178724e+00
1.302744818564679719e+00 8.625077438379101125e+00
2.745240167285591504e+00 3.202668880917934757e+01
6.730548347101361628e-02 4.530766323075713586e+00
5.210768957900238973e+00 9.431885331411059781e+01
1.250342618715773568e+00 7.059698796762061690e+00
4.929438126466274106e+00 4.149372081073894947e+01
4.356866560240393760e+00 7.580095491802410379e+01
2.025121551532508057e+00 3.017165449537618116e+01
1.022577997778471470e+00 4.183390739602499409e+00
6.501111487656692667e+00 1.557290789899824688e+02
3.052942018427017956e+00 4.888520977928378386e+01
1.901722134646057327e+00 1.567217746492466723e+01
5.248809211574501532e+00 1.792848783665814665e+02
4.487331755691048585e+00 4.999515901759496472e+01
3.183471301323187674e+00 2.426635848861397093e+01
6.961878184119519197e+00 1.116607973217027450e+02
5.724372734351951486e+00 1.628621104008860243e+02
2.376442078598775431e+00 3.946895870371606918e+01
1.329198930510561816e+00 1.318608150855049743e+01
4.645855242957667386e+00 8.079261853418148576e+01
3.397877708191194834e+00 4.014753017727300488e+01
7.322556294380541786e+00 2.525472917445032124e+02
6.049480000829749571e+00 2.044765836574097193e+02
7.927579194326812129e+00 8.143595988454148937e+01
4.592849847995030821e+00 8.219269908229973964e+01
1.186237878877578922e+00 1.169491931798029505e+01
5.377805660274844968e+00 1.392938797665181880e+02
3.070237677887668326e+00 4.790139305449360307e+01
4.633356292697028422e+00 1.393535874062953894e+02
4.638834576113335828e+00 8.093282757536282190e+01
1.197094120093253444e+00 9.376800129446609233e+00
6.191584740566079326e+00 1.347562475550087129e+02
6.820280995688226433e+00 2.602306622792335133e+02
7.727169437325305701e+00 2.919168755935467061e+02
2.233023607058991722e+00 1.531750025855781772e+01
4.907178335754637466e+00 6.895925043509923569e+01
3.410437649902296364e+00 4.339940473063433757e+01
7.357048748098501179e+00 6.515515151956532236e+01
6.604082115752422766e+00 1.532864774397899339e+02
4.425104451656649118e+00 1.137575918340497054e+02
4.823430181188238741e+00 1.229454540582529063e+02
1.651747112466682488e+00 9.131741034603159335e+00
3.480963907236380273e+00 4.519773147663254065e+01
3.763172432812165624e+00 5.442355977277148327e+01
1.315323817315042554e+00 1.117799051672272803e+01
1.069379112127500697e+00 6.330756355900211574e+00
3.754475679346143124e+00 9.508854217571273182e+01
7.704726305353091220e+00 1.053360734779897427e+02
2.819710384262575253e+00 4.892252173841552576e+01
7.889658297936798625e+00 3.483287837295263216e+02
4.983424191156483829e+00 1.016892732202367711e+02
4.323291100005556942e+00 9.420882439124649466e+01
6.746541352650115009e+00 2.213311729454274257e+02
4.472514220695771314e+00 1.383233234814609602e+02
2.115296233175651963e-01 -1.358934645400820429e+00
4.807111154988741752e+00 1.517165727729115190e+02
1.170862084802229752e+00 6.218204796921551036e+00
1.050005611782630410e+00 6.817232870307770476e+00
5.174176807336923645e+00 5.092095897718970754e+00
1.286239963497214589e+00 7.917884177164675741e+00
1.301968775019838986e+00 8.840677354276367694e+00
4.508510865729442152e+00 9.850672876209992879e+00
1.901856812625648097e+00 3.559411338301419647e+00
5.002123709406811614e-01 1.205973813150857499e+00
7.277063290260568529e+00 1.753646639488120513e+02
4.387566805981990115e+00 6.997049563007566064e+01
2.441035059161099419e+00 2.400777062014545393e+01
1.915942065033622299e-01 4.580078376826041686e-01
6.643600590111668147e+00 1.285139877138708755e+02
7.032983116691195136e+00 3.495142607216955071e+02
5.022072040836794926e+00 1.035220880643534400e+02
2.944912616631516045e+00 4.539441589136783506e+01
4.336955927904221575e+00 9.274499531605289349e+01
1.102884675908478940e+00 7.504863912252469405e+00
4.181495244673308243e+00 9.556360900851579743e+01
9.149451420836980375e-01 5.766628960831445383e+00
2.693551377236147459e-02 3.553315311136782118e+00
4.587717605593503833e+00 1.553052976173466959e+02
3.676201972245453753e+00 5.568637871099073777e+01
1.760540996009275716e+00 7.098127297746039233e+00
7.219430239110787184e+00 4.744008908421442925e+02
3.821923260262365396e+00 1.029519524732909019e+02
5.472271927378254297e+00 4.477812939385190560e+01
2.445942332243742356e-01 1.833887475893759333e+00
2.393403445791155271e+00 2.036395555826172910e+01
6.429147655514526605e-01 5.887272577821976327e+00
2.395341084741041016e+00 3.180184822693921376e+01
4.617439908816428407e+00 3.887621297072443838e+01
4.053444154491354645e+00 2.865335384141484809e+01
7.447526348591064327e+00 2.336288983671896631e+02
7.288737356453752980e+00 1.599531533122924714e+02
1.507206812022290343e+00 3.921118855517509605e+00
3.345687328357652035e+00 8.926378494625814142e+01
7.166380549747159989e+00 2.960890812369183323e+02
7.333071372960036527e+00 1.971754992735504004e+02
4.262594668667910369e+00 8.165236639641591410e+01
7.675117960038482678e+00 1.436341194584445304e+02
3.685168772404348481e+00 3.143315121915686561e+01
7.673980453797739187e+00 7.372390232990645131e+01
7.108081458854934809e+00 2.725863816839175797e+02
2.242530497544319879e+00 2.190867625518686523e+01
5.280908658827865310e-01 4.016523838126048851e+00
1.511651233268469952e+00 9.856034338517147830e+00
3.191978462178296283e+00 7.517095085163367685e+01
3.087047712459274784e+00 4.787770168520975034e+01
5.387763359277212949e+00 2.626867943596041073e+02
3.210975691965685996e+00 6.210601916085711593e+01
2.525239979894678299e+00 3.849000452024816354e+01
1.169948982461360032e+00 1.093369991115487139e+01
7.235675075230204811e+00 2.778231012998144251e+02
2.918556203228142465e+00 6.489694164064249549e+01
1.424511865169622915e+00 3.825912530280164425e+00
4.335311228954550344e+00 9.445632894393538947e+01
1.814507718641879208e+00 1.308975624278193450e+01
7.664028360961291142e+00 1.266035055494362638e+02
8.383945121206588524e-01 7.182999537762460918e+00
4.011234521261864749e+00 6.233747855521965420e+01
4.578564948922291045e+00 1.046411481691023084e+02
2.131958254795948804e+00 1.246248176498755988e+01
5.761160542553929176e+00 5.384167909710460975e+01
7.447100637305315907e+00 8.242410770482672788e+00
2.071414935580448535e+00 1.778363380566096552e+01
4.671577422974968030e+00 8.182797413638020601e+01
4.755088097395963054e+00 5.083333365060288145e+01
4.890253896410936107e+00 7.283455619219546406e+01
5.574697973351169900e+00 2.646238648248785807e+02
6.560601001246535446e-02 1.415874096349109879e+00
1.422456229027599051e+00 9.921850267510063048e+00
3.826872905118100299e+00 3.620799778951339221e+01
2.216822458552995201e+00 2.733101085104265948e+01
5.852088350325933774e+00 1.337452890947929802e+02
1.050281510501159588e+00 7.512181418129816990e+00
3.989171023036274022e+00 6.604725992837786919e+01
4.961456301241585543e+00 6.578226302520018010e+01
1.581629503596003516e+00 3.696772561198098828e+00
6.463126451744302337e+00 4.096580575405425861e+01
7.509009926224516462e+00 3.093349052003782731e+02
6.096474445429590716e+00 1.783371195875547244e+02
3.730028477199801351e+00 2.919728977164212580e+01
5.095975008739811685e+00 1.451900058650421954e+02
6.545816048734663717e+00 1.396278186475913401e+02
1.700896821943671533e+00 9.181106309911095664e+00
5.994832359745779549e+00 -4.264567497590359579e+01
2.943792271982384356e+00 4.600756578570236854e+01
2.470485746507634417e+00 2.669901958278718368e+01
4.740090060094988011e+00 4.290555130942003359e+01
6.673998139738323232e+00 2.132610112785159231e+02
2.057189266988678433e+00 1.825404624484100680e+01
2.561677564105792726e+00 2.689310795981885605e+01
6.888520919828992284e+00 8.452383555398292003e+01
5.658100551463389749e-01 1.629312807215072212e+00
2.819275089921362998e+00 3.335907933862285546e+01
7.837855245739082655e+00 3.512692140062824251e+02
2.574342178460199193e+00 3.214876755430586996e+01
1.947578923771910553e+00 1.556246396269186683e+01
7.625975753848143412e+00 1.671322400778503834e+02
1.943673393186531762e+00 2.252912493322190812e+01
2.447242768411443059e+00 2.444875232190176817e+01
5.335671627833558972e+00 1.388621563434077473e+02
1.021534737159968564e+00 4.528930760816426648e+00
3.859570965040161283e+00 9.195254277227341788e+01
1.138923149024521742e+00 9.959059249494108812e+00
4.923246869392752245e+00 9.805908876136990671e+01
6.041418141760537708e+00 1.589650669951706163e+02
3.969552484917917567e+00 7.651436124910865999e+01
6.822777350242358985e+00 1.485779894827633711e+02
2.555928628651932932e+00 3.039056052849719691e+01
4.641994302435237252e+00 1.315267579293651750e+02
3.589721341539735100e+00 2.535778020643663666e+01
2.443679571505604997e+00 8.835712666102592650e+00
2.707137945516130628e+00 2.839432748075557100e+01
2.318092055071924840e+00 2.309120184353978900e+01
1.495247182949542619e+00 9.420911976347490224e+00
7.611953861806227017e+00 1.819616896115003897e+02
2.729062051321301752e+00 1.121176946175514288e+01
7.772086205577910079e+00 1.733404326656805665e+02
4.932814351255969676e+00 1.222084039342535675e+02
1.669258139384816708e+00 1.343637003223494197e+01
5.602089425679421808e-01 3.559307094053232756e+00
5.603287595136926313e+00 6.133596547619341521e+01
5.798071739101623656e+00 2.584726887460685134e+02
3.167119853120207829e+00 7.286520892333739141e+01
4.785098039043619522e+00 7.312753799954768397e+01
6.875486660236120429e+00 1.747670985006798219e+02
7.101759403599186449e+00 2.211235790922037552e+02
1.798892239191345332e+00 2.619657297409689534e+01
1.892245554031961596e+00 1.864677345592438229e+01
4.784775613168942954e+00 8.123464529148998281e+01
5.743591070010752198e+00 1.428028205121486849e+02
1.571944344485571854e+00 8.041285679304287726e+00
7.651522494785290007e-03 7.179016910523244865e-01
1.758117240945594517e+00 1.377813621085640960e+01
7.597663385139682646e+00 1.109890689927173923e+02
3.535166807067124495e+00 6.245183644554347069e+01
7.441755287317895373e+00 1.099458885289262469e+02
7.626988654512746102e+00 2.373121677317670049e+02
5.058676725095563320e+00 1.333468808988554315e+02
4.944152297685198150e-01 -4.122907751643185570e-01
1.089143755151804172e+00 4.556835352455557597e+00
2.957300421801884127e+00 2.849556884742012031e+01
6.111723892246589074e+00 1.118468359085315740e+02
3.626567360245782190e+00 2.370356792296888315e+01
3.805061738268769034e-01 1.497202455350042261e+00
4.201454718805419652e+00 3.939320862865044148e+01
1.020426410245871551e-01 1.681319169982997241e+00
7.318296733743441251e+00 1.465378929107252759e+02
5.398718451165974486e+00 1.643706340972778150e+02
7.504526650163557910e+00 2.750712779038885856e+02
4.453474372094107459e+00 1.037489953760851620e+02
3.076534011726599793e+00 6.922947949065418527e+01
6.369689641600707830e+00 1.404770389237596362e+02
3.443168915564043253e+00 3.540954133076379406e+01
7.479613910812282107e+00 3.891532300053589211e+02
5.935684743135164254e+00 6.775500368651515259e+01
7.127188364823160427e-01 4.111451795536249065e+00
6.193498994791762691e+00 1.545741009071124665e+02
6.432919947289602369e+00 1.260078436976520635e+02
2.673051958842815878e-01 3.500569612050325574e+00
3.420517815144963336e-01 2.352923802727518776e+00
1.016955250633400532e+00 8.075160762964749495e+00
6.095108991685806998e+00 1.466901691713928528e+02
7.872721320871941764e+00 2.272250533877201235e+02
6.565073885418368782e+00 2.783409219472681002e+02
5.807728281451057128e+00 1.418241294680019564e+02
3.500596740050740507e+00 3.869532014491284144e+01
5.290032283478853792e+00 6.763996092948093519e+01
2.339776063149001217e+00 3.134437174886110711e+01
4.030886699679651741e+00 7.585771455969828025e+01
2.970963864924455855e+00 2.668959747404049310e+01
2.932620934353382225e+00 1.712889737992144745e+01
8.156323674812524516e-01 5.641940115695349256e+00
3.961151054198209565e+00 2.664850809428441991e+01
1.675426870887741337e+00 1.382497748413414485e+01
4.485666311853296229e+00 1.429724841418156700e+02
2.486423213451439018e+00 1.946613667837155859e+01
1.452147547725929577e+00 9.137185617374816715e+00
6.419897798699814473e+00 1.807424487227734176e+02
5.433504657521417869e+00 1.178697458631327919e+02
7.074960618205544449e+00 3.170080542786860178e+02
4.874831814992393930e+00 3.076732349714403725e+01
1.376733945547814031e+00 1.358252658145688940e+01
3.515692186063946956e+00 8.855116887525100822e+01
6.574148447041062937e+00 2.545995613098595811e+02
7.818646217036966384e+00 1.689059335494168295e+02
5.700139671943210473e+00 7.181965178778187919e+01
1.148358993805079997e+00 4.184536361579035635e+00
5.578394198231221068e+00 2.084486819847548134e+02
7.899187001346181347e+00 7.894574411093108779e+01
5.437046677125574767e+00 1.638267098693046933e+02
5.222814712226211853e+00 1.245534170908671996e+02
7.368652724233119677e+00 2.909225012479599854e+02
6.378595338249335001e+00 1.193867981864799219e+02
6.193603640408979594e+00 1.744372228886613811e+02
6.542806987959307818e+00 9.620069484181483688e+01
7.128021110593909526e-01 -4.495853644798838644e+00
5.542577703053060745e+00 9.946083398788985619e+01
6.830520389313126550e+00 1.618926736178586907e+02
6.542491232946381352e+00 1.502405807701926221e+02
1.162687099395512291e+00 1.617498729857541306e+01
2.547706584692095433e+00 4.366331293691796844e+01
4.080742902622534807e+00 1.161531135025678623e+02
2.192597646211846829e+00 7.907327954773577083e+00
1.919470103841444342e+00 2.134426281287848681e+01
6.428256861599717098e+00 2.348693415997164209e+02
6.348070107086596359e+00 2.665304129810416498e+02
7.213360285698654728e+00 4.498569535416571057e+02
4.490432313470394732e+00 3.406834032850015603e+01
3.957072106582140592e+00 7.107586082201740396e+01
6.875356599591410323e+00 2.481346024415997817e+02
6.811966652753009832e+00 1.819977010574015708e+02
2.809005393975446907e+00 4.047666722969117004e+00
4.516781153672803306e+00 8.066985503770926869e+01
7.488886317067384724e+00 3.508963282841643263e+02
4.862044654990791415e-01 -8.318047678156466063e-01
2.314089576701325868e-01 6.701119132033063197e-01
5.094054758048702780e-01 2.057796667812752833e+00
2.247509903919452157e+00 2.748346661360498189e+01
6.741083833025073524e+00 3.030016432687801853e+02
3.655066656868579678e+00 7.795606814243330973e+01
2.252484460756654983e+00 2.433932680216435074e+01
5.941681511513349889e+00 1.662077261882380981e+02
5.390778441074732363e+00 1.203543107397487262e+02
1.476073028286624123e-01 2.209489349089616361e+00
7.883730531027266508e-01 6.191602599309972810e+00
2.215188442530872770e+00 3.395563140271107727e+01
6.663248013959593763e+00 1.415098577206369157e+02
7.604331598361790512e+00 2.757245384729619673e+02
4.123409817313269166e+00 7.161720833314025469e+01
1.553990982150990519e+00 1.490861259369319214e+01
4.501360262556815428e+00 1.011942002058818275e+02
2.581803844261418845e-01 1.132863238790398963e+00
4.668788146986992516e+00 4.694406117270980872e+01
2.778046599979478337e+00 1.336402431027840798e+01
4.236823407258935248e+00 1.270983586404535117e+02
5.925898464359802276e+00 1.178412511879644882e+02
1.571300465336923580e+00 1.014468161748456332e+01
7.445881073814907936e+00 2.484282813320514265e+02
2.228771009152765714e+00 1.803235967823392372e+01
4.848332986184424875e+00 1.607990080347208277e+02
4.587687278852704331e+00 3.049468830004219910e+01
2.272288348200621755e+00 4.182610826580792462e+01
5.649580421361344307e-01 3.059942198275431569e-01
5.167902171828400171e+00 1.232736143716714139e+02
7.314532805820212147e+00 3.073101871743350557e+02
2.852786962184616470e+00 9.707349346212533092e+00
4.629716651996379717e+00 1.234741420774376053e+02
1.794878646260174904e+00 1.962331844383226809e+01
4.521201295645629337e+00 1.236731542907649271e+02
2.099045399386419319e+00 9.284478787440482606e+00
7.697761844227955841e+00 2.643909888334394509e+02
7.615892217783422069e-01 5.135647670013735677e+00
2.765760362258457228e+00 2.271456678777508387e+01
2.067179523661768492e+00 2.891909909929511713e+01
3.099766133884176433e+00 2.895908005985446820e+01
4.217474622474586710e+00 5.189515294350606922e+01
3.369998669482234810e+00 6.197638374678778206e+01
5.242138962980200212e+00 5.365972445415893333e+01
6.312795343253000624e+00 2.295674949845307822e+02
1.409607217546336777e+00 1.955571821727471615e+01
1.447672668143278329e-01 2.628159567783807660e+00
7.511031759864177815e+00 1.351012095411333007e+02
2.902276445915498826e+00 4.834439462528266773e+01
4.738343962752940008e+00 6.027265089106722940e+01
1.264422068306201297e+00 9.479765436146850632e+00
6.169331120960339199e+00 2.053270282881801734e+02
3.442106256163693701e+00 7.695873896689086280e+01
5.356396486026340220e+00 1.240495684234978029e+02
4.638310056963983463e+00 1.670530619682272402e+02
6.366389074424177785e+00 9.970534032480870223e+01
1.046247861245537258e+00 4.719634731830310237e+00
4.903752426180262525e+00 2.274577055321503849e+02
7.390222756359490219e+00 2.531273527757598458e+02
1.309631603063644789e+00 9.479626438749187756e+00
4.614838864500677929e+00 8.002697046262950664e+01
7.680002764851057151e+00 4.508875452656485550e+02
8.597705720980206578e-01 8.270690744349021628e+00
3.464265931042103119e-01 4.219074255251298311e+00
1.521807188779084719e+00 1.226089165623010402e+01
1.748853654579161088e-01 -3.610474917485826385e-01
4.560035173660937247e+00 1.237136501677855307e+02
5.461375848336187389e+00 1.987877452648210124e+02
4.419977401357932933e-02 1.144589223348091434e-01
3.589980458140200170e+00 9.875157526871045377e+01
2.977250388991820707e+00 4.054792826161040153e+01
6.153051757489930829e+00 1.020037005554080594e+02
6.264679007598426885e+00 1.268097784920436339e+02
5.887785285156565074e+00 1.489221756674469361e+02
1.348115418963935497e-02 4.925553733118578137e+00
1.505148578916404745e+00 1.242276769992687413e+01
7.866665321272492406e-02 1.481951213320877869e+00
7.922020703177607537e+00 2.356946551748817171e+02
7.481669743493556624e+00 2.724442541543899097e+02
4.153403098558960949e+00 7.138373195460960119e+01
1.797439008202012189e+00 1.573743855618315379e+01
4.767677863417129736e+00 1.058565772293947660e+01
1.911907188956821102e+00 1.264652973235704536e+01
3.403248550076339640e+00 7.944257999719137331e+01
6.800498662714971054e+00 2.299164529650391842e+02
4.058555266665621275e+00 3.893792009325040482e+01
6.837827898611871902e+00 2.781105055322710200e+02
6.946670179098605402e+00 1.357306789585979914e+02
4.402851659160706532e+00 6.219537275601906856e+01
6.750579363854346759e+00 2.651578135960332929e+02
3.524943337092170559e+00 5.130772382703472800e+01
7.037851323327810604e+00 1.326200246304920825e+02
1.202739971550112585e+00 6.481767025595231324e+00
3.138668209355552463e+00 4.452585471615988411e+01
7.385358322119535579e+00 2.514028142756772866e+02
1.550843117090682455e+00 1.049193135087823414e+01
6.042547679018651863e+00 1.060796691353290271e+02
3.181435210638202449e+00 6.122005410146866922e+01
6.305911450367092108e+00 1.727192550971767844e+02
2.480612627676372917e+00 1.883321991281826158e+01
3.906577217708041339e+00 3.033057495387698310e+01
7.562993262212875933e-01 2.511218365996026325e+00
4.284438273289399746e+00 9.899808145708399820e+01
1.853741242564364455e+00 1.719589521989028924e+01
1.516278374441660581e+00 8.887533552990261043e+00
1.870126728337070610e+00 2.075058938501861405e+01
6.038071713393806661e+00 3.737800017285578491e+01
3.927131678700396478e+00 7.966157991836996644e+01
1.073475009121080070e+00 3.957035914964103895e+00
3.836612707575169701e+00 4.932301930645341770e+01
7.478584631992041487e+00 9.330749689388279933e+01
7.232181175162541109e+00 3.574802304210881516e+02
1.117508913783903601e+00 6.394108415789689026e+00
3.933911720797065747e+00 9.164056410512135642e+01
3.972078792652034451e+00 4.986570792493610327e+01
6.017137098404369056e+00 2.181556426187231068e+02
4.297132522971380375e+00 9.115945307372247441e+01
8.246805105161909566e-01 7.063304223801195825e+00
7.759085977057047501e+00 1.387778565875350409e+02
7.317609069947045519e+00 2.937000923830108263e+02
4.426532838254730429e+00 6.227724162844455691e+01
2.512916749458254273e+00 2.305422815270276615e+01
2.794205395251935009e+00 5.544822296797881478e+01
5.556674727102143052e+00 2.140878057695304548e+01
5.147197678698969270e-01 3.083410021926237476e+00
6.865489905260062642e-01 1.534170249562228694e+00
6.984309257957209915e+00 3.004060710677864563e+02
3.649863300746147843e+00 8.679058737311672189e+01
1.913462127308926064e+00 3.582818900791352235e+01
4.367224973854701986e+00 7.211573983519248543e+01
3.408860658473020777e-01 5.452825636568450207e-01
4.827327288429866137e+00 7.147833136172383206e+01
4.974814677240917860e+00 1.335440852415529491e+02
7.541962039367978043e+00 7.542421953239373522e+01
2.946609243857140292e+00 5.254949089894798675e+01
5.744606259865114417e+00 1.465315788417910312e+02
7.855007559939153339e-02 3.747404979771836953e+00
1.072610321129970679e+00 3.543660086113689545e+00
6.067673275737223371e+00 1.544029101465808083e+02
6.606670294264652021e+00 2.321848913695906163e+02
6.656545480541546489e+00 2.437196290505968932e+02
6.331820600625060358e+00 9.225386470793367266e+01
6.149943865139686494e+00 -1.517655791787579389e+01
2.978967984048841444e-01 3.429775407715807134e+00
1.159837298934424332e+00 5.919633496415615426e+00
3.221781701815481291e+00 8.221766605482372370e+01
5.542267471181930638e+00 1.008042592516969762e+02
6.769314909692453419e+00 2.992606350255926486e+02
5.703692198972833971e+00 9.116743122809057809e+01
1.064604711631466749e+00 8.529852001397859595e+00
7.925375149968734156e+00 1.077090740474371842e+02
1.600950704343843789e+00 6.308780141351649107e+00
5.351028330418373891e+00 5.286035217509566309e+01
4.588670005947648178e-01 4.594554101574652272e+00
3.457284439723991909e+00 -1.751270008855525973e+00
5.844057549637120985e+00 1.183888570470365842e+01
7.226104313200361062e-01 3.668220717684786969e+00
7.454745025927294932e+00 2.506973269970151819e+02
2.471702977101826626e+00 2.868171914610732287e+01
1.738830812300761863e+00 4.251866745013211712e+00
7.346730201738962407e-01 6.123888004132492568e+00
4.874907984659764715e+00 1.344531170207696107e+02
9.450990089872979283e-01 9.430030030679455777e+00
6.835568130372561946e+00 1.800184100627635928e+02
5.772079947627402952e+00 4.198668905931974393e+01
6.542875540694756964e-01 3.937403500746094132e+00
7.974574378284588150e+00 -3.287105704340561374e+01
7.436821486346178567e+00 2.177386972335881694e+02
7.962172320835068540e+00 1.960089128756534080e+02
9.135190610508203690e-01 5.129966230728262744e+00
1.743179109569718221e+00 1.200890511532446858e+01
3.999271102122146537e+00 7.556696290013991302e+01
4.630392924876741922e+00 1.021422663241309294e+02
1.484164034651604958e+00 1.831840154878559801e+01
7.606722393951771188e+00 3.041749582107678975e+02
7.792250546584428506e+00 -2.163320736331087701e+01
1.526997199021701057e+00 1.178577594539596696e+01
3.850959346011649131e+00 7.092466941753211529e+01
2.214914467278088495e+00 2.209384780013959215e+01
4.239570915301389853e+00 6.321225499201941744e+01
3.688765999296955478e+00 9.166821360953143483e+01
3.809782720181132731e+00 3.171163335746353340e+01
6.975985906336532594e+00 8.817593985900541043e+01
7.849422851235540399e+00 2.069871638571700032e+02
6.079933931095045097e-01 2.425437032527311576e+00
2.276545155049305436e-01 -4.006373146087159332e-01
5.279972703919712629e+00 2.105354465927915726e+02
1.371015827808251153e+00 7.028323405136352342e+00
1.207547541430198379e-02 -8.390221216095897910e-03
5.741719108802103122e+00 8.717002187233697441e+01
6.434966340784238348e+00 2.507349963347500079e+02
4.720748061030105802e+00 1.285410818413176912e+02
3.924758769410691350e+00 8.833409668138155268e+01
3.546150765569482388e-01 2.612374655031385995e+00
4.018615820498729896e+00 3.514228667098559100e+01
5.004986817611007943e+00 1.544812583451154069e+02
7.169740660279390276e+00 2.180762561687438392e+02
3.502688279720259423e+00 2.217610014328217716e+01
1.846838863262378894e+00 1.948840093568559340e+01
2.166124050325146655e-01 1.431498492658946242e+00
5.461256810888131419e+00 6.758806390673690601e+01
6.661628554071879371e+00 1.834266806263856040e+02
2.449562341775626706e+00 3.566798208654361702e+01
4.936071620175325414e+00 1.105028525836203386e+02
5.277448981006116036e+00 7.133453685424794344e+01
1.865979869812219860e-01 3.307974417013253454e+00
1.999341423974168030e+00 1.441869414251732096e+01
5.586131083017505716e+00 1.305713982628007273e+02
7.998512104764605724e+00 2.587073112815368177e+02
2.395952892620537789e+00 1.356645061903951266e+01
7.396455299257811866e+00 4.233215548307656491e+02
3.854594088385302264e+00 8.534102282453508792e+01
9.076639605590512971e-01 9.187824197840207319e+00
3.932760258758935201e+00 2.733506586376594072e+01
2.512862441183219886e+00 3.176342794337355357e+01
5.419192497275471254e+00 1.929712765354079522e+02
1.578134174644327814e-01 2.106616423458164356e+00
5.799188934543045626e+00 9.959033344048874881e+01
6.347662388768602781e+00 5.060482447982537479e+01
3.265206634924967766e+00 1.478058890008783166e+01
5.954430801130270012e+00 1.406614878442729832e+02
6.738743964605932391e+00 2.105076779064139032e+02
3.354267607813735452e+00 6.199902299223498403e+01
5.294838237430714578e+00 9.675208729583791012e+01
4.669934609850483476e+00 3.734164729771556779e+01
6.223022775041973986e+00 1.768247353128263910e+02
2.533041355009260087e-01 -8.973908606864633430e-01
5.514195514625336969e+00 1.869744131784889305e+02
2.117176488129351775e+00 1.532428620438487776e+01
4.765729619516990034e+00 1.298857946662520817e+02
6.595620418886724678e+00 1.854717461192402936e+02
4.283180300096713466e+00 2.338759685373331010e+01
5.297098356486110937e+00 1.335834529397668291e+02
6.486352987664333547e+00 2.279596364075378858e+02
2.944130962430060450e-01 -1.338097581151612037e+00
4.264566896901583526e+00 5.988151340864275340e+01
3.418243456283119208e+00 8.882608810434093982e+01
6.165224660130555812e+00 1.555339255776921163e+02
7.764689836807470158e+00 2.766568821480063889e+02
3.395223212359856468e+00 9.425002300683139822e+01
2.133052781114201935e+00 2.093030603964778180e+01
5.026397592661824731e+00 7.589446449366737113e+01
4.241985931368091656e+00 3.782656007301423529e+01
3.664292523966818038e+00 5.485043348353740100e+01
4.947556395415855235e-01 -1.829726505581416030e+00
3.163478684315577993e+00 4.558999138079157376e+01
4.599313753352325840e+00 7.589063827148937946e+01
1.655128723691308146e+00 2.306719145280828798e+01
5.377462708870152319e+00 2.271840704814682113e+02
3.992104831466497750e+00 1.231378990320539373e+02
2.408662365458127397e+00 2.343143146247644992e+01
7.809526010910404992e+00 4.311474749333675618e+02
3.371348487444921993e+00 2.934105511857220705e+01
4.768682784014825593e+00 2.585304558198999558e+01
7.082028889806655236e+00 8.856519966522797915e+01
4.875889620351818721e+00 1.477288273021354144e+02
5.080627062110246506e+00 1.980631395817609928e+02
3.570212639827652801e+00 7.758089547475688619e+01
6.087829411759368980e-01 5.056276155962619256e+00
2.384324716663583921e+00 2.772719717770773684e+01
3.790930878220207134e+00 5.076208737663105097e+01
3.465322971491544557e+00 4.496470014428797413e+01
5.898013313929219237e+00 1.083422371951243122e+02
3.007777743073303256e+00 5.271357946778280734e+01
6.695125173824240328e+00 1.286704009852343233e+02
2.710932467037181937e+00 3.207192648318209649e+01
6.656579402782640820e+00 3.419736823776025858e+02
4.785294979331191634e+00 8.259911977218020240e+01
6.736999971525409414e+00 2.015026084878786605e+02
7.274869979541585430e+00 2.632569878116909194e+02
7.620754226089401229e+00 3.052201261108291988e+02
6.245835525937799559e+00 1.547320191169567920e+02
6.199782381698344835e+00 1.396800574439698721e+02
8.178417091131322536e-01 5.739760189088744191e+00
5.699484219098120974e+00 1.091086552499934328e+02
4.998832318759703242e+00 1.477868141372512980e+02
3.617253804526974648e+00 6.650286924784477094e+01
4.452807389445490038e+00 9.166095293734349525e+01
6.144417337306791183e+00 7.748717786364508697e+01
2.905298507339421299e+00 1.835705341564244719e+01
6.232063800343690119e+00 8.735981635984131799e+01
9.631739415942268678e-01 7.225537402217368843e+00
7.198985188758821430e+00 2.828745797025312640e+02
1.927785397227418152e+00 2.454531171651265709e+01
4.258233643587054473e+00 7.454506579443513203e+01
3.330603591901171612e+00 5.525647181679337905e+01
6.238476157926688970e-01 2.454733239213709339e+00
6.628356549141842358e+00 1.243748655975666679e+02
1.039135034769048005e+00 6.397576831816708776e+00
4.086172275980360702e+00 5.523366588291700197e+01
1.498229454855684928e+00 1.322482385249004011e+01
7.756495703945831544e+00 3.190522598962236884e+02
5.160784024205477216e+00 1.393874964190066805e+02
2.057901034691566267e+00 2.810474167538614410e+01
6.553967901380060468e+00 2.039011045298195484e+02
2.650777070388441459e-01 3.217704351889827841e+00
2.411766499212780523e+00 3.210451629668651918e+01
4.629825212697578962e+00 1.119036904021620131e+02
1.912637665105324736e+00 1.203771976441651681e+01
6.369750364178008439e+00 1.076441774730108420e+02
6.957268076775183552e+00 7.900241739193859303e+01
4.340130290488692921e+00 1.197116469222686419e+02
6.338105267726929171e+00 2.253456108546564565e+02
7.074111827570464861e+00 2.714415786646927131e+02
4.081117079690876892e-01 6.790315711511328622e+00
4.253593276093391218e+00 6.817392089752705431e+01
7.426505183351341799e+00 3.335415313735965697e+02
3.829929146097343917e-01 1.975780750516940021e+00
6.465560396145499489e+00 2.459749719787767503e+02
4.177613459822469011e-01 4.573513597902358008e+00
4.748661411200456151e+00 1.102254497826339019e+02
7.908275527583632503e+00 1.193474453027420310e+02
3.377243303027544385e+00 5.385887249482411221e+01
6.430011159050798675e+00 1.820027203499415123e+02
4.608834332782908660e+00 1.540525749548950500e+02
4.936931779821309263e+00 1.065431039991312048e+02
4.829506399880502343e+00 1.460856348834799974e+02
5.288851404892772834e+00 1.005632941462290830e+02
2.906726962680510340e-01 2.033603268466524394e+00
4.170161580517557809e+00 6.526170290918365424e+01
6.989273772270522933e+00 2.849286489072866857e+02
1.569597204309509664e+00 8.128099080223803341e+00
6.972785575065927333e-01 5.458039804434513087e+00
3.441821383845706350e+00 5.759204269352316885e+01
4.335192646169066855e+00 1.103136465371953108e+02
3.251702972029883121e+00 5.082747043192512137e+01
5.726312255393594342e+00 4.460437193543166501e+01
1.947024785375788269e-01 2.070130592081603549e+00
3.110507917231378094e+00 6.418661237328561242e+01
1.245611295279710262e+00 5.179271978768594131e+00
5.614474470300647724e-01 2.785771702760242441e+00
2.919665683851624394e-01 3.322883600189841413e+00
1.785885918518999027e+00 2.572651560704970564e+01
3.301724367170214336e+00 7.209244899641669235e+01
7.265292125886721131e+00 3.523074884055806706e+02
9.340666787874534194e-01 -1.114826545112602041e+00
6.938556740566294678e+00 1.818019507711034635e+02
4.359787824174972570e+00 3.912208343845065883e+01
5.283959515525064710e+00 1.160525658950610080e+02
7.109838919562239568e+00 2.472658867023602909e+02
3.316186219401438429e+00 5.914004661771080151e+01
3.040819033552950579e+00 5.086005304443136765e+01
7.466864766549966781e+00 4.073981541450030477e+02
5.268524018665449837e+00 1.451677776953077625e+02
5.877772252849629453e+00 1.259845269246496571e+02
2.616956140758805560e+00 4.564116417115163671e+01
5.627478867410961705e+00 6.651585655031840361e+01
9.744037367675053574e-01 3.587102573512455983e+00
1.774711685012480444e+00 2.705841644536457480e+01
5.982141198553427408e+00 2.354189465835388262e+02
5.664398367990616912e+00 8.338306327516731642e+01
3.038952658758852010e+00 8.421736259016964254e+01
6.840792853704990684e+00 1.406073205344546864e+02
2.175158773843611115e+00 3.189065358609414957e+01
7.883320063712496051e+00 4.993615782290231095e+02
7.760552187248057621e-01 4.967389147783610071e+00
7.123663180173504195e+00 -4.399635320072213318e+01
2.640031839373997435e+00 4.243897506244674389e+01
8.285087641847379558e-01 1.044610396869737778e+00
7.755883874760434615e+00 1.448652478229975600e+02
2.176400332546609029e+00 2.028327666100103954e+01
7.520723196591826643e+00 2.347565012765621475e+02
6.463851170335847662e+00 1.030752532767190814e+02
4.808081655246187580e+00 1.520805389992714751e+01
4.656936295255216685e+00 9.353897079996050934e+01
1.715020893336872909e+00 1.846222116059685447e+01
6.860171616849430443e+00 3.487092491712068636e+02
6.913646213920135786e+00 2.543066502525165049e+02
1.576430236304237731e+00 1.111662097911580283e+01
4.086906259718237955e+00 3.200407162719778142e+01
3.362162371642206438e+00 7.385405440875149452e+01
1.008048189130650307e+00 4.348595344633924498e+00
2.510937757743484156e+00 3.926458915124720050e+01
7.078024037377899091e-01 2.487403577710232128e-01
3.943383592445949049e+00 4.883968848630437520e+01
3.481746319205961449e+00 6.895584586749127709e+01
7.617399462220219242e+00 3.396388580969693862e+02
2.981965930743694315e+00 5.717474399575074528e+01
4.489821194339060462e+00 1.619088925028264896e+02
7.023689283293599317e+00 8.245320812029038393e+01
6.900794234830518903e+00 2.086275317066135528e+02
1.903198691328020331e+00 2.453847044401743815e+01
4.439197718607922560e+00 1.067674926754986302e+02
6.200147561772491933e+00 3.065677928772860810e+02
2.957043156376322202e+00 5.494250257996735343e+01
6.165069174048139367e+00 1.165237138120256901e+02
3.193792903559001140e+00 4.073536947236063810e+01
4.415831252612950841e+00 1.758159419602137348e+02
5.223480402329900407e+00 1.457276135826242864e+02
2.308325284225252183e+00 2.437498081737951594e+01
4.558936235382821778e+00 1.053829193324994549e+02
4.078508634305659797e-01 4.192241659996865266e+00
1.937607611883344738e+00 2.563581158383679437e+01
7.354230143566360844e+00 1.164511081307173868e+02
3.489630775710023336e+00 4.257551397989572450e+01
7.637459937746363892e+00 2.610289203405791909e+02
1.274400112508512706e+00 6.078478109912641258e+00
3.922155022869508123e+00 1.005039458641157353e+02
4.420737386524546508e+00 5.527227952711201908e+01
2.234267355527247645e+00 1.745532216439683282e+01
7.172197854476763723e+00 1.488021151039039012e+02
6.971408805720791690e+00 3.782271869930359003e+02
3.656984266395255645e+00 8.535550001678626586e+01
1.206039152557805139e+00 7.919291775674902389e+00
4.409524848318399748e+00 9.742084839886419445e+01
4.889957747783125974e+00 2.692897122493388906e+01
2.765629686906639684e+00 -8.297750264766703410e+00
3.375447688699988902e+00 1.669706261745930931e+01
4.593837914583257742e+00 6.838568644269135177e+01
5.728597603851134146e+00 3.096969782545420813e+01
5.284639210719976887e-01 3.481729402848977806e+00
1.973642498173440174e-01 3.011180202167060282e-01
2.317441826004293937e+00 2.353464022936444522e+01
4.264639879621509699e+00 9.518092973686088953e+01
1.052761783975144638e-01 9.058188425437566638e-01
7.095382989332732926e+00 5.352697949178386239e+01
4.612306582125659915e+00 -1.360791812834815318e+01
7.981539982814243039e+00 3.477226019358167832e+02
7.128215662053223767e+00 3.048514642265371322e+02
4.576679449412266898e+00 5.904924547890229292e+01
3.942774113790290968e+00 9.469401015265570720e+01
1.434734392244386925e+00 2.174898035574916122e+01
6.636939630095672449e+00 3.783962756333651214e+02
5.020233992539759882e-01 3.459953381675311856e+00
6.249728478834789769e+00 1.928843396067073570e+02
6.633194349784072408e+00 6.472095878591125029e+01
6.648861668972934957e+00 1.380229478730977064e+02
3.826124732886075464e+00 2.421774743626406234e+01
6.199582541172627970e-01 2.931511234020319989e+00
4.838370710608765890e-01 1.336766404747597559e+00
7.825978854661440387e+00 2.031457758596491203e+01
5.408996827901582982e+00 1.492715398897263981e+02
6.869202038953456935e+00 7.154045830440009013e+01
6.792032736765092338e+00 -2.756980283736314874e+00
2.168373474242555332e+00 6.417303674232679889e+00
7.630144417166805582e+00 1.470627967049386768e+02
2.682191351354465070e+00 4.342872699804838987e+01
1.277678674759146205e+00 1.144516889406745541e+01
3.529076362168108716e+00 8.135655746413839040e+01
7.885919354177674201e+00 3.064350221763837112e+02
3.183094486374973719e+00 7.474693658395266027e+01
4.224811977665273055e+00 5.590712270845159537e+00
4.204986370529634421e+00 2.082231377359840252e+01
1.770994397312301238e+00 1.437807445420497032e+01
4.989354168444971371e+00 1.151998977706155500e+02
3.584464886750937218e+00 4.405788972189705532e+01
3.667199706415091853e+00 1.788020404112442563e+01
7.543828171059810295e+00 2.626985140829918919e+02
6.762546567699486921e+00 7.491972756175216830e+01
7.050550676563817731e+00 1.338090697763135211e+02
6.790737179945818269e+00 1.018452579006985843e+02
4.026745948814252074e+00 5.290303985503704354e+01
4.977949839539260957e+00 1.989232860607463920e+02
2.069964873262737370e-01 2.420719695719730336e+00
8.825531371828061467e-01 6.452601068851285149e+00
6.621541072078742651e+00 2.108588187987155891e+02
5.160125833044748589e-02 4.318637621538430338e-01
5.172848072608235981e-01 6.422607471271945201e+00
4.326724433174362616e-01 2.879504569816919712e+00
1.413853382433328143e+00 5.569905659169862133e+00
6.590153182946360211e+00 2.000246032297500847e+02
5.389171964007378968e+00 1.600447952341046687e+02
2.734379978572381020e+00 4.154947026949128031e+01
4.412432733569801258e+00 1.650817356446942199e+02
7.977833235867942463e+00 3.227397566900385755e+02
1.052209303114710615e+00 3.718105401656748743e+00
2.259181783679702349e-01 3.651860022179000076e+00
6.866081309782198439e+00 1.213693625546591193e+02
3.332864190438963981e+00 6.866058692916013229e+01
2.676572746680490056e-01 1.288216165206905073e+00
5.396208770192958859e+00 9.751006234381405591e+01
5.199888984118352653e+00 5.667928289486340532e+01
5.274045520148383126e+00 1.509145537273458899e+02
5.397172474832972355e+00 2.071271343221971506e+02
9.705669019015035204e-01 6.719929947400048675e+00
