4.715450676208822856e+00 1.936093760645747963e+01
4.147693660002648386e+00 2.059515811565477605e+01
7.533975870208781123e-01 -2.343030582162717312e-01
9.607561640270156911e-01 5.813748612444376462e+00
8.509305959289614751e-02 2.751663129057427826e-01
4.910161131307956950e+00 2.264562167929406314e+03
4.371220969599597161e+00 7.607569584133577223e+01
1.243278101197407004e+00 5.887299211436917368e+00
3.083579607791841148e+00 5.450374368977600881e+01
4.220989395884431339e+00 2.881413721764541336e+01
4.014757273265416870e+00 7.852888159589743111e+01
1.200760773630910716e+00 6.832872743984054198e-01
2.669428198924837403e+00 1.857220103130660149e+01
3.006563418257818920e+00 1.533930839640059389e+02
8.131350024671646359e-01 4.213611626106006369e-01
6.740131547896494046e-01 4.341492807456710068e+00
7.217166199039470875e-01 2.736333484782699887e+00
4.993745571121832150e+00 7.747670718392689082e+01
3.558405307166569553e+00 1.981003612476057185e+02
3.748554382696631215e+00 1.336737380800512298e+01
8.091757861857101775e-01 5.242279121594493496e+00
1.064322024179831239e-02 7.379103915858711837e-02
3.170119960605145337e+00 6.732258364674892448e+01
1.224741518100397331e-01 2.643731191090799015e-01
4.428404839014874028e+00 7.543021037914929821e+02
2.839602563810949665e+00 2.357478668683042144e+01
4.361986313228011225e-01 2.335481884401212405e+00
1.471729202163410966e+00 7.550831030121835319e+00
3.981727841494370201e-01 6.777094972839429188e-01
3.612492289113843569e+00 1.936706957011880803e+01
3.391997401657467215e+00 7.564523404360450343e+01
2.824841428932675313e+00 1.685198602813456716e+02
3.197311999063766841e+00 3.759295569057179875e+01
2.673994568337820343e+00 -8.547117393886534131e-01
7.658975665344069927e-02 1.540588468414505474e-01
3.767820693763821449e+00 4.670809199351612051e+02
1.129359573309814291e+00 3.123959823923306178e+00
4.743345843708223875e+00 2.492972406809190744e+01
7.979259116319775691e-01 4.054140125865926869e+00
1.849051017715642065e+00 4.099239614046041424e+01
1.968910957260741501e+00 6.152642794087230804e+00
2.475920835906880724e-01 8.602568832040383695e-01
7.368165338991522484e-01 3.332495418995246705e+00
4.794302526570738188e+00 1.180499132905580836e+03
4.908745641540019911e+00 5.326812535576119956e+01
4.927376765907413692e+00 1.599628175777557892e+01
1.323182553715634313e+00 5.315050475555509912e+00
1.131044890254394586e+00 8.389780604851511114e+00
2.267465549163065752e+00 2.412564730700567850e+01
3.632824752376644817e+00 2.253592447770492413e+01
8.412240006460774966e-01 5.879360059119301596e+00
4.458442881657749268e+00 1.444487261653551791e+01
1.879020435245057463e+00 5.719523850545728649e+00
3.805793504507814617e+00 1.579798673602006609e+01
1.860536491479891641e-01 4.713230868641635762e-01
4.824866464788276410e+00 2.693373093049626914e+04
2.766302528768347369e+00 1.373822263646966348e+02
4.342062583094213224e+00 1.208232666261075572e+01
3.155753020184326907e+00 3.882139347810660865e+02
4.436047969249618639e+00 -6.417541840887713178e+00
3.212617873298136750e+00 4.645112571559587167e+01
3.406841129276314550e+00 9.757574237474599954e+01
2.212390916385214013e+00 7.302859649626145533e+00
1.645856672970426038e+00 1.740267117382242645e+01
3.886751678446138225e+00 4.485340158086111728e+01
9.692272541705349020e-01 2.895192575052452977e+00
4.708620086366263280e+00 1.438608010770024137e+01
4.804057870156477783e+00 3.087509940149448084e+01
4.749575014627227532e+00 1.860266449445781589e+01
1.608288168697450393e+00 5.977901622920908764e+00
4.216651686760242157e-01 1.452812891588532329e+00
5.354368814163423806e-01 3.352629480356409175e+00
3.491591218388735207e+00 2.299950576259760965e+03
1.592726122889288609e+00 4.692355229454976850e+00
4.391562781333790966e-02 8.176715478291800288e-02
1.263414497589612662e+00 8.292442712869391386e+00
4.388223241588839585e+00 5.552972800823466315e+01
2.104412319153980526e+00 7.491849784706046123e+00
7.617822256240108780e-01 4.181713505068748837e+00
3.537695584153897510e+00 1.256138694042686268e+02
4.388139473295087356e+00 4.153410786108270969e+01
4.512056940511892655e+00 2.300817431748226127e+01
1.532319139924389617e+00 5.980364236191638483e+00
1.938043421227706453e+00 1.000196447855440240e+01
2.568258690748414175e+00 5.424094169009357103e+01
7.460810038549170464e-01 1.950933207524263135e+00
7.614305915317642892e-02 1.189235164341061468e-01
6.470922739642454014e-01 2.430915050712331826e+00
4.413969947121251458e+00 1.575846528229738652e+01
1.053399512808169680e+00 5.840679459775548921e+00
4.120215599086762825e-02 2.546539533415662082e-01
3.140979261698872982e-01 1.041392709776133074e+00
8.870341509497337018e-02 1.448134662123940763e-01
7.169329905018162474e-01 -4.098741460007202519e-01
2.453817678976941696e+00 1.104646641552214170e+01
4.796784226547935681e+00 4.081162766984867289e+02
2.856550401666582584e+00 1.773335723988730095e+01
2.948878114524925209e+00 1.284939121303427711e+01
2.209104347208694197e+00 -1.436622630388113553e+00
2.615321917623251835e+00 1.239994619396555109e+01
2.689917887318838297e+00 5.184666574377624215e+01
2.396917177873883364e+00 3.214283103646165074e+01
2.601720209539524653e+00 1.951780933545809393e+00
3.837519352635871961e+00 -3.628998091455589048e+00
4.144984125645995832e+00 1.450475179714869967e+01
3.910997825236128822e-01 4.313982798867594504e+00
4.621419062174114689e-01 8.273051862774607468e-01
3.374296821693626214e+00 1.672194206450076308e+02
2.085511282436357305e+00 5.655578444246146752e+00
1.471809310332474752e+00 1.690838314156905753e+01
1.703034543246102928e+00 3.265188348581744116e+00
3.006273366194066377e+00 1.871206776554891258e+04
3.512767401592420402e+00 7.333860453861429107e+01
3.767327817772440746e+00 5.411984258594743835e+01
5.577998752338675370e-01 1.931423165147083398e-01
1.365212467377028283e+00 4.192153058499282992e+00
1.321153956802246121e+00 4.913792435721512142e+00
1.685856380035263946e+00 6.531475421768391243e+00
3.947606740736687048e+00 8.785295501063807023e+03
1.446174239910817505e+00 1.408773856098502009e+01
2.466069570627182905e-01 3.586257725128358942e+00
2.183338378476933350e+00 1.049517736792461875e+01
3.980511121540253772e+00 2.366505734943630657e+01
1.769616546919520195e+00 1.107058842602388005e+01
2.956213475981492422e+00 3.206188550298644202e+01
1.575666866590804016e+00 1.151886575593362494e+01
2.948471859072465673e+00 3.127250321346826212e+01
2.855034840431161847e+00 5.531725272213952493e+00
3.077660439639263057e+00 1.894159767546639728e+01
3.721638454907497895e+00 6.702556267049077476e+00
8.418411296226618878e-01 6.314834593668574136e+00
7.005901667658576137e-01 1.443872984676127569e+00
3.764312129440461341e-01 5.876680708267324249e+00
6.073787152129828115e-01 2.650055056066806358e+00
1.996821466584681293e+00 2.274520252583890567e+01
4.487518045065305827e+00 3.399432213666565076e+03
3.892629860367878170e+00 1.949736018622634859e+01
1.343822024840028995e+00 3.475953213311644419e+00
1.518385885752485009e+00 2.662062230209142122e+00
3.544903601721151709e+00 1.177161363443935116e+01
2.757598395839004013e+00 1.858748986516418711e+01
1.664845169168549521e-01 4.333842662217609054e-01
4.550473819451612556e+00 1.171846756296301493e+02
2.961995423128815919e+00 5.202739904344446131e+01
1.224398907839133743e+00 7.402196714844163639e-01
3.714866585985089564e+00 4.028020213292184337e+01
4.415848114422773918e+00 8.335356864401572352e+01
2.137354313361046643e+00 3.107858715017549045e+01
4.541291819103082439e+00 2.385368859476567138e+01
4.390316521920684778e+00 1.636808518076347582e+03
2.248685350284920226e+00 8.437769562217519947e+00
1.453260481335765242e+00 1.066705372511378513e+01
4.559541505565926300e+00 1.243710212391834702e+01
4.048964796277178202e+00 4.154960413446797247e+02
6.804672103872311251e-02 3.393676453781901969e-01
3.340235652057437665e+00 1.509637778663380558e+01
3.342467965308009159e+00 3.566287678859502108e+01
3.516662339065886655e+00 1.556712796920387198e+01
5.737030240498969258e-01 7.102965013925572890e-01
2.892281023859633482e+00 1.241781732474160371e+01
3.478555995427288661e+00 1.743023715772987714e+01
4.942922837436650063e+00 2.380710391502206221e+03
4.773367757920172316e+00 6.524634050134063727e+03
2.722645765920907568e+00 8.108800532529738092e+00
1.542125506438947191e+00 1.628026384289849204e+01
1.474952863693049787e+00 8.108604744918061158e+00
2.210651700218785320e-01 1.384438769968192040e-01
3.838666624975938468e+00 1.395943882199290442e+01
2.664862143825183605e+00 1.189994634176977115e+02
1.316771209010622723e+00 1.255339691255306533e+01
2.993482180049183983e-01 1.010548976684595424e+00
1.157254351536660231e+00 3.294286292429102758e+00
2.649777553689961707e+00 4.580690324675239111e+01
4.058516294245358758e+00 7.649712382676350231e+00
2.546593250251689255e+00 1.153339084202325893e+01
3.877528877633836579e+00 4.131775346931601689e+01
4.884513675919753162e+00 9.335809396427901447e+03
1.005285831558418330e+00 4.712112414683136130e+00
7.920390540083371844e-01 5.274829743190279085e-02
4.131000744063356045e+00 1.669584259406334326e+01
4.894789140708902586e+00 1.961575340274249538e+04
3.055278506618905432e+00 2.930077388224751189e+01
2.969480526799590070e+00 1.375344065301593233e+01
4.935601471803344964e+00 6.992780452884095212e+03
3.634792102032313288e+00 2.598314840494425226e+01
3.025456044797341093e+00 3.284908713802031599e+01
9.231869931775077420e-01 5.030739161390736847e+00
8.726814978386288058e-01 2.834079857351728737e+00
3.257719348705458984e+00 1.103769418005772529e+01
3.612396108326239030e+00 6.290234090432493019e+01
5.609962445525684682e-01 5.268970550923922858e+00
1.795782832165448983e-01 3.606984669118640796e-01
3.931152380070604302e+00 1.115720231328279510e+01
3.818388452965893354e+00 3.341526933510524344e+01
2.951801902795731625e+00 4.216325795328810955e+01
1.965600644666011920e+00 4.923637688586341987e+00
1.403873038586369582e+00 2.041418257211775611e+00
4.005409838571095449e+00 2.817271009187544769e+04
1.733946337199047116e+00 2.294747017026347979e+00
8.265239813978902950e-01 2.023248062523753443e+00
1.424373500100557521e+00 4.391961721033483812e+00
7.411196483688320402e-01 6.518027849331229362e-01
4.960530291389847690e+00 5.277294592082475901e+03
4.101244568861512896e+00 1.055074438479548320e+02
4.942689683769841302e+00 3.019380511402021511e+03
2.545165426697153954e+00 1.982107631515498625e+01
4.026152613526873481e+00 1.895728016309942348e+02
1.607834673826969318e+00 1.165165122899492367e+00
1.615113281781821897e+00 5.159207733714963773e+00
2.414714000767681057e+00 7.732699203219851825e+00
1.652594694161897415e+00 3.010702585419901212e+00
3.011657772098583763e+00 1.245943489357774503e+01
5.298972903543314183e-01 6.089197075073731646e+00
1.287233380280675688e+00 5.045034496904689192e+00
3.168733244445143704e+00 1.074542073257590573e+02
2.788965500543813647e+00 4.041748206476664329e+00
3.759650493510485747e-01 2.968817719313748160e+00
1.416304818779554164e+00 7.195057386048451242e+00
4.875360899260653191e+00 1.205505439872613715e+04
4.770590491440103165e+00 1.834035362773956024e+01
1.135981094600114094e+00 6.640741715937442891e+00
2.657342463987036218e+00 2.730982346263522231e+01
3.123872737186527804e+00 1.949469369583185596e+01
4.532935041160269130e+00 1.153101158747274013e+01
4.453631785288850509e+00 3.125113634745859059e+01
4.254216866306980371e+00 1.463189661136647146e+02
4.869099235897379252e+00 1.985176182032995129e+01
1.205943801221037726e-01 7.441365602111266186e-01
1.691019848600344044e+00 7.385413510135299120e+00
1.181766440471504476e-01 -2.150196944544460476e-01
1.647902655480834699e+00 3.326531832052889115e+01
2.555211364792713713e+00 1.781429486009326979e+01
1.209709839540930032e+00 4.688413353448855680e+00
5.603521784031795239e-01 1.258369655432749257e+00
8.333691740876986165e-01 1.225225752046601002e+00
4.993917606132800557e+00 2.805200360450397312e+01
3.677229474352157190e+00 1.012833882695064247e+01
4.152578205862086591e+00 7.792697700832947305e+01
4.559244775534644134e+00 3.332235900970461984e+01
2.689133926862903312e+00 6.752338970761990744e+00
4.789055534051441576e+00 6.213039818655150270e+01
3.133478902776312136e+00 3.300288856901815393e+00
4.229979475616222118e+00 1.528528527125014307e+02
3.984406153118496441e+00 2.147771017259734094e+01
1.054240759038102659e+00 5.590724041281025514e+00
3.941816037867988953e+00 3.361552026914131908e+00
4.433592738741997330e+00 7.721510671496528744e+01
1.229414366243497980e+00 7.970609330140940862e+00
4.245845033746098451e+00 4.028120674338341090e+00
2.315964580057307209e+00 1.903872334408827527e+01
4.830925434620579217e+00 1.145900177668159081e+01
2.154346178038950121e+00 2.116369901700150535e+01
3.952891754042492378e-01 2.874431302673627897e+00
7.774055148640685031e-01 3.699478792467421506e+00
1.093865819777284365e-01 1.412405613860304998e-01
2.716547336809739921e+00 1.319138134780677873e+01
4.726359632013874545e+00 1.220247452002410853e+02
9.074942920098910681e-01 4.585345109377257700e+00
4.373882446595255047e+00 8.921888372355653019e+00
1.022980444934697530e+00 5.707062061573246581e+00
4.773234901608583769e+00 8.776569843196433567e+02
2.230398369557878846e-01 1.274632179554919365e+00
1.985253102494444200e-01 1.082814807177135297e+00
3.517840716346544383e+00 2.120211194340568909e+03
9.282806645134716872e-01 6.493416940048323482e+00
3.400305502425223114e+00 1.852537419201877356e+02
4.145977986530817283e+00 1.353606010659210312e+01
3.597358485291142216e+00 6.891597348263593048e+00
3.382735787883290879e+00 8.569418598898966621e+00
5.998561988694839364e-01 2.571209903708564948e+00
7.628235987882464597e-01 1.892904450602984179e+00
4.727409177078184754e+00 1.359084884375917318e+04
3.366953523358830580e+00 9.151560673491013986e+00
3.802810282741448944e+00 4.645394811587780168e+02
4.517542736702759854e+00 2.701697543241602872e+01
8.123730232809239782e-01 3.407248212089958539e+00
4.040943078416228573e+00 1.249989181237485347e+01
1.150290263223202603e-01 3.696070335388770278e-01
4.144323671239748208e+00 2.871319703734337025e+01
3.942746126800913409e+00 9.855702059722194974e+01
4.766702503082923315e+00 1.016441756567399921e+03
3.168243538964887751e-01 1.446130153614232638e-01
4.726503819099070469e-01 6.745645299249596327e-01
1.459537015844656338e+00 9.509926274535770219e+00
4.851234387555739325e+00 4.942766853801116689e+00
6.005238615509150835e-01 1.720363644640015011e+00
2.883208501665033729e+00 7.900408445109209765e+01
2.332146195719450255e+00 1.730651813980147224e+01
8.437638870800151514e-01 6.164769711492911419e+00
2.477507154494035246e-01 -2.531508394301140025e-02
8.221030832302056446e-01 3.345487539127215193e+00
1.590352836295172434e+00 8.408294664197729418e+00
3.389307118777936445e+00 1.387700949758061242e+01
3.945846235229993226e+00 2.620873054897572274e+00
3.065899653515689049e+00 3.275658677696407040e+01
8.186897251071839632e-01 1.702787837893805722e+00
3.388318994612648627e+00 9.901427435566468205e+01
3.506848573292094429e+00 1.376959616593365787e+01
4.584182818113536229e+00 2.185200057422948916e+01
1.265617788014200551e+00 3.228520449557294114e+00
3.407349567806677193e+00 1.562349413928704323e+01
4.930719263434768962e+00 4.270959371062610188e+01
2.229280005652001684e+00 1.035251613383067060e+01
3.804332498385379235e+00 2.834018345903976410e+01
5.841830925540258956e-01 2.280104176393324966e+00
3.358453286909730551e+00 5.101149830831369769e+01
6.553749183699653091e-01 1.792021558375984203e+00
3.711254916182897379e+00 1.048402599689606252e+00
2.495582239812368375e+00 1.052202117769046907e+01
2.716912053263387694e+00 6.458037555872472524e+01
4.407632028732868079e+00 2.259566089599615424e+01
3.135028704358032048e+00 1.358159782715863351e+01
2.064420506766072805e+00 1.261781545667025384e+01
2.207949345370559868e+00 3.504087822604085289e+01
2.711299767998063270e+00 1.687927446718789426e+01
3.321285042432387868e+00 1.790105911388474453e+02
3.854413765064862440e-01 4.777431859002799541e+00
3.509995626075772979e+00 1.233234091279000566e+01
2.279607453146017093e+00 1.433771567422558135e+01
3.281518550781747923e-01 1.886429815612750005e+01
1.990821169688667513e+00 1.931524194753452761e+01
4.896637187056556151e+00 4.226233056979713183e+03
7.072902829178262518e-01 4.536475300781282805e+00
6.518998000846182306e-01 2.474259646017434644e+00
2.068647065660582207e+00 2.580098589059656433e+01
4.596839494159692840e+00 1.964823674857211881e+04
3.701339177603103714e+00 3.582849682583361073e+01
6.124660959530098259e-01 4.918210530432378214e+00
3.593720935173379871e+00 2.219232908681233596e+02
2.720688242408725088e+00 2.388119454367030414e+01
3.900444967589719703e+00 3.608014647889454096e+01
4.397417618696530361e+00 2.319273826490431034e+01
2.626399458464317327e+00 4.640845413118779561e+01
1.093867600675527019e+00 4.271351016365086295e+00
2.604911701018541859e-01 2.306664952943791924e+00
4.885378068880657842e+00 3.217785251854425042e+02
4.081898029636611192e+00 1.471128004370963716e+01
4.978410039792126263e+00 3.981898888388862900e+01
4.269495549009031166e+00 7.948446208778934263e+00
5.657225239720653498e-01 2.733499266313998977e+00
4.565069615710889650e+00 1.861634949054908361e+01
6.595907278989393552e-01 4.147368833299027280e+00
1.787994753471359166e+00 8.183383340689488250e+00
2.032760470456977941e+00 1.530087883221627543e+01
9.996567743264017647e-02 2.021884424678683789e-01
5.680580158473325092e-01 4.650694973175088620e+00
4.562064239281276912e+00 5.388150740076547152e+01
4.559224260821692631e+00 3.337403330613444155e+02
4.312214799532595677e+00 2.365562865627054734e+01
7.214137109282381388e-01 1.568302051235327177e+00
1.543245888308047986e+00 4.099256239838688032e+00
1.323879926277321539e+00 1.822169545770978116e+00
3.240228285340138292e+00 8.352520893135210400e+00
4.191047305212332930e+00 1.155392285382234974e+01
4.676237719182296360e+00 3.252754400966918524e+01
1.688951155337347076e+00 9.554558455305574682e+00
1.827234985950605850e+00 1.075396438858092907e+01
3.947389890292462677e+00 2.963452034156436099e+01
2.397374417593947538e+00 7.861648423121866180e+00
4.382132635523796615e+00 1.242984260762978721e+02
2.151007295085803239e+00 3.308261907087766218e+01
4.888384174935064053e+00 -6.119832361686424527e+00
2.674542313572001895e+00 3.263553037378841282e+01
3.550598583675226738e+00 2.924656948894713793e+01
1.874885248393906023e+00 1.610538721705572129e+01
2.818648139816146703e+00 1.821822814344579911e+01
4.698363808851290457e+00 2.175825676043952939e+01
7.901676145077224378e-01 3.768191061237650352e+00
4.887269928119567730e+00 2.421573072625693968e+01
2.795195630992470814e+00 6.938032194661959196e+00
4.238638844383181059e+00 1.948430011388497363e+01
2.835151392774882151e+00 3.235220010715786998e+02
2.731934952403423544e+00 3.492910284397665066e+01
4.595334232883340420e+00 1.057385439649281089e+01
1.839820231007457396e+00 1.858480205155311182e+01
1.873084844707311625e+00 5.657215136604532901e+00
4.397938877918950773e+00 5.201141579183050112e+01
4.140499817940009208e+00 6.923462350626740758e+00
1.652181354490153797e+00 4.543464582506108407e+00
1.391564880695869810e+00 -3.562779242632024834e-01
6.148139977954136803e-01 2.076942104943204193e+00
2.798206589424281798e+00 5.888896512504619984e+00
2.514797006950673541e+00 4.258139066256718763e+01
2.588478683596178165e+00 1.296494095873585195e+01
4.066081592626373364e+00 1.898257046928309251e+02
3.857453253320055619e+00 1.675021249060336004e+03
2.855914151620368546e+00 2.564174605054849287e+00
5.324223558627610986e-01 4.055827210794602067e+00
2.064136252710418340e+00 2.560252927219528019e+00
2.799230574822542117e+00 4.917720560701501142e+01
2.524094897716110175e+00 7.397015846178857146e+01
4.522554921933136463e+00 1.056193470932717027e+01
4.205886198143845789e+00 3.850493955028919668e+00
5.241316209765295442e-01 3.726055240560092408e+00
4.913618042507164496e+00 8.389613424837392586e+01
1.903277591522081647e+00 1.931102343511443564e+01
4.397118246308592937e+00 1.711529650762710020e+01
2.051196443099610356e+00 1.263227354570546623e+01
1.452837788436694311e+00 4.876530585877439705e+00
3.538453431941628313e+00 2.206668550746760360e+01
2.346309895478282836e+00 -1.639902931542205788e+00
3.562249292191397743e+00 1.495498421287282653e+01
8.131325942620992731e-01 2.963147139028419197e+00
3.457614549148493754e+00 4.271406431288501437e+01
3.835118207481128749e+00 9.703680947071283924e+00
1.436052082256117357e+00 8.855014520088547059e+00
4.389359320641722739e+00 1.245121302908428902e+02
4.012750654090964986e+00 1.136953919026041376e+03
3.336711746427074132e+00 1.429247299467640460e+02
7.833728964731995204e-01 2.860294803272971365e+00
4.936044095205390114e+00 2.750750430014195302e+01
4.147660925267751431e+00 2.398732618850858955e+01
2.517911376162731862e+00 2.333613545148025636e+01
4.822589286375747797e+00 1.132905628156457745e+01
1.635476717398174795e+00 1.259232190124050454e+01
4.365475359205449379e+00 2.846469017961242631e+00
1.903817310135936802e+00 7.113394593500013130e-01
2.961898312231560748e+00 3.410745604535205189e+01
4.050621728266817767e-01 4.033011076818462826e+00
1.170383364060556097e+00 8.225475293812358757e+00
1.374594761540083976e+00 5.915674405612335818e+00
4.400809672961777608e+00 1.969622445009407130e+01
4.205306649367058114e+00 2.030382328973806549e-02
4.717994363686292658e+00 3.178387230302395210e+02
2.964155058118172370e+00 4.649812181532380961e+00
4.181915231466367899e+00 2.210800623335661541e+01
3.662285830703523981e+00 1.785666877656827296e+02
3.445793273023467940e+00 9.056406591947308016e-01
5.603770401991303718e-01 1.986662260301586880e+00
3.390991066490848915e+00 1.427569502706106341e+01
2.753466049698838347e-01 1.676416915571040223e+00
2.595655748422940334e+00 1.972408018077026171e+01
5.197467900855012868e-02 5.097337294430379778e-02
8.165940628626155995e-01 2.394314831508831620e+00
3.430693597892939373e+00 2.506113412332787220e+02
1.228764860036464235e+00 4.491006395586868649e+00
4.055218062710935767e-01 -5.083614290076503284e-02
1.821916886808560676e+00 4.043876430240621822e+00
4.075410127557686835e+00 5.928069982614473332e+01
4.711499873670474514e+00 1.730988376262258654e+01
1.067009182074156737e+00 5.369302530177195720e+00
1.491451395023309923e+00 4.308899856526512195e+00
1.841213551359736078e+00 1.566644698564304505e+01
4.621991387822683706e+00 1.953719083815933644e+01
3.452728392727540285e+00 7.867698728091870208e+00
4.466944028786767884e-01 2.396087608196362240e+00
4.812616898254390208e+00 3.164341083459483173e+00
1.409927537500474504e+00 2.838395909933210781e+00
2.228173145177280823e+00 2.382377756300972038e+01
4.919036886623542770e+00 7.336260023777515471e+01
2.130565711050069311e+00 1.715656885392906617e+01
3.328029085932158626e+00 7.112382672310111786e+01
3.731854372271476095e+00 1.405877199368901387e+01
4.362616058082643633e+00 3.951230808276833386e+02
2.251097184473558332e+00 8.098543905576326196e+00
4.749671078535611102e-01 1.126486687657158425e+00
1.787847805438003146e+00 7.359691852720401606e+00
2.869847790365465112e+00 3.783262541368064547e+01
3.705515583166469895e+00 1.606152243754271751e+02
3.345527185059724573e+00 9.976485979566053430e+00
2.895078607481583965e+00 4.481772139663905108e+01
1.636379616719859653e+00 5.682721981940196621e+00
1.728576185716058644e+00 1.596699254562637904e+01
3.909503252203916368e+00 2.199535930321682997e+02
2.983122126203137103e+00 1.941664123695720434e+01
2.865441677743808313e+00 2.553728531350820674e+01
2.977717788769592921e+00 1.690968329654123892e+01
3.792187651825952965e+00 2.255692959824757082e+01
4.753644166994385856e+00 1.687183143238961236e+02
1.512958458659414696e+00 3.765512661912024051e+00
4.913441698528470347e+00 1.128978967674477829e+01
2.075940022995996781e+00 2.506753476350904108e+01
4.944306026387256026e+00 2.390570885280540381e+01
8.384589023720973033e-01 3.100448037940306545e+00
4.414199928159783681e+00 6.837601162906973684e+01
1.535751661863742790e+00 8.254747675136808738e-02
3.578540248727252848e+00 5.772138612723356346e+02
4.134100942100052301e+00 2.206487042629689910e+01
8.451142131040861871e-01 3.491470560192572847e+00
7.154741606423625777e-01 2.313669243722064284e+00
1.035584935271220974e+00 3.973149636972478582e+00
3.564804254671258832e+00 3.665730833293650193e+01
4.887169397744954402e+00 9.288415523624077963e+00
2.053266908792096501e+00 5.345059700983576079e+01
4.876075828659531819e-01 3.557742330460068825e+00
2.468819304312355190e+00 1.274221158106312402e+01
5.657738465669981398e-01 2.536293333522724236e+00
9.671349475725021794e-01 2.778022573111517790e+00
1.910181413237237891e+00 -2.150242467652478950e-01
1.461698140263946843e+00 5.940967679475776642e+00
4.129846796421618116e+00 6.709527331433251618e+01
4.483827196260600445e+00 2.349364003813330015e+01
4.412891899311492061e+00 2.613478653357968895e+01
4.607375338538773235e+00 2.690445401558557137e+01
1.044275637857425831e+00 4.860088663578238766e+00
1.737049699849642082e+00 9.055518856075050138e+00
3.510345474926217513e+00 7.750052977735853332e+00
1.328683514055369885e+00 5.174063969039107036e+00
1.267864426378257470e+00 2.610408617086695138e+00
1.294606995192869592e+00 7.767652855787461341e+00
3.090846744128847856e+00 4.578503867742981903e+00
2.280767052173727549e+00 4.040149537137189384e+00
4.067768295690873614e+00 1.654839363151814169e+01
3.691260459919450732e+00 2.110099379458469411e+04
1.429073511983167233e+00 8.427183648006333350e-01
1.811479281229410043e+00 1.189653072888330065e+01
3.372162165577392567e+00 1.552268620496388394e+02
1.715763318673533711e+00 9.917152497438584291e+00
3.289365108409723959e+00 1.861156480261857382e+02
4.772106181232847355e+00 7.344494188244999577e+01
2.415039606934887839e+00 4.456077933655757661e+00
3.697256257763869680e+00 1.991078496623291016e+01
2.602709905395598433e+00 9.709751843306261065e+00
3.366617670655572603e+00 1.832981244349954864e+01
4.024663473859780183e+00 1.523771072762115075e+01
3.874909378285525285e+00 1.957224932810037643e+01
6.532729380702179123e-01 -2.630010210097166734e-02
4.049924500692914098e-02 2.402565138303101033e-01
3.300824968825262662e+00 3.013621323796491538e+02
3.641762527997847165e+00 1.317130452471718272e+01
1.168084939013537271e+00 4.567294943202554691e+00
4.809258755451252476e+00 3.887243867123309116e+01
3.791323975938238444e+00 1.429874089571872453e+01
2.560886964859542925e+00 3.145725386305835514e+01
4.847865135076989684e-01 3.056759828133638557e+00
2.997036997487842136e+00 1.574765645078039178e+01
6.013760449181781986e-01 2.969052286820799580e+00
3.436913640199995790e+00 7.584838359244573667e+02
2.112461193163515549e+00 1.307546637457769378e+01
3.094784818215035926e+00 4.670432820812286678e+01
4.962031616856071636e+00 2.547727605381644267e+01
1.565368589928071597e+00 1.406704603182273194e+00
3.659580300096559213e+00 1.271621963141808465e+01
3.081237630191617782e+00 1.104724975921734220e+01
4.280891302372272555e+00 1.225739772567070673e+01
4.959151351570850963e+00 1.415606582421130952e+03
4.519503470630447772e+00 9.721715916782640932e+01
4.299838867630056960e-01 1.961489383338956394e+00
3.046041134720290255e+00 3.981323189477224389e+01
1.539214077290030236e+00 1.077456620549277133e+01
4.679441013317918063e+00 2.521550538918185680e+02
1.835841401843609777e+00 6.002766426856728010e+00
3.458473085678257952e+00 6.882758694217000084e+01
1.505797762574581533e+00 1.281960326661971195e+01
2.457489022526430311e+00 9.255041757181230011e+00
3.663533583921709802e+00 1.666737173138957573e+01
4.917672837995560542e+00 -3.127462641531071341e+00
4.705212476689171197e+00 8.585611369178751673e+00
3.455243818770770581e+00 7.376512662488947569e+01
2.536250206320389555e-01 1.828500504199367827e+00
5.635910067737792684e-01 4.503136477609254840e+00
4.641077694077885951e+00 4.451593137662409561e+01
2.068737241319910769e+00 2.734058821801470174e+01
3.043010164668399575e+00 1.134747670493428728e+02
4.294806021679590025e+00 8.048418195705218068e+02
4.342801875656864041e+00 1.873675444251920510e+02
1.932524455099143168e+00 1.114761101303702517e+01
2.933268137872169667e+00 1.776594036458438275e+00
3.442358034673511202e+00 7.085163689884879545e+01
2.204280449610104498e+00 1.461104481245459041e+01
2.808880187736718881e+00 6.726895808439753921e+01
2.706193381681053722e+00 1.823899178346386307e+01
3.934037674118346040e+00 1.876304421747759932e+01
4.017325397363148198e+00 1.774345253412306889e+01
4.660688411978220813e+00 2.789527716704003524e+01
4.709070592822043544e+00 3.693240570075251838e+01
4.722782845879854641e+00 1.360717022805735787e+01
8.084337807548691579e-02 2.209996637369013861e-01
1.005474155356981258e+00 6.834309389272315904e+00
2.501698191889400569e+00 7.709396665308861429e+01
3.791522705393862713e-01 1.690103086776897801e+00
4.984817081911104175e+00 3.110635502651642526e+01
4.332574607457052807e+00 2.389678693205445370e+01
2.407988331581473185e-01 1.018613697387828143e+00
4.439163345797815907e+00 5.366929392240474499e+02
1.617747550650209920e+00 5.477025962214590038e+00
4.833485669908785809e+00 7.155340105588630095e-01
1.661430413070497103e+00 5.595720188420383323e+00
1.128394653568665529e+00 3.557501253097466787e+00
1.441535042805164757e+00 1.919189974593082937e+01
2.930711220920336757e+00 8.785846750730801347e+00
2.791359179441840865e+00 8.765660875326762635e+00
2.663897025841412969e+00 4.007023552924312071e+01
3.398620496591175932e-01 5.423245966178832589e+00
3.564093043695788054e+00 9.610626846922256163e+02
1.577435890390991302e+00 8.461247189797601820e+00
2.660156735029976183e+00 3.261767013671391169e+01
3.301394038205243575e+00 1.215613390009464467e+01
4.195907090895950375e+00 1.097631169075996560e+01
1.545120774865139657e+00 3.953462447263436985e+00
2.384640170454524366e+00 2.869728743655176117e+01
3.235410443875379904e+00 1.679511424889978244e+01
3.055003774250816928e+00 1.509740859028023863e+01
4.138524838113839976e+00 1.460653617018558350e+02
1.386631395115638821e+00 1.113396969555627791e+01
3.213591113447195058e-01 6.050033679509245754e-01
1.349912084285116443e+00 4.665246286298057043e+00
4.605212029418591868e+00 6.170544409768276495e+01
2.574961491353543686e+00 9.533748061300915566e+00
6.637442226033912762e-01 4.051173568564530925e+00
4.686361768913865689e+00 2.841725952512261699e+01
9.079465576779299774e-02 2.272523700388424106e-01
1.979109725371832607e+00 1.901730406829146602e+01
1.719280452868723774e+00 1.747550504919987446e+01
4.214484528886723425e+00 5.401895971277023811e+00
1.654858645175798948e+00 9.800143027273707119e+00
3.021190043187786944e+00 1.075697751830803206e+01
2.281061792837686397e+00 5.075952875488575700e+01
1.381601827915798220e+00 7.260118729685363981e+00
4.973504024558025982e+00 1.525707411501119815e+01
2.121746673030843411e+00 1.308049966952574650e+01
1.845237954582060746e+00 2.160334083076503475e+01
3.087268987088177319e+00 6.971727488827701436e+00
1.575524891681117090e+00 1.443584513721857654e+01
2.528500552827633197e+00 1.131781764136709967e+01
2.344004613463719355e+00 1.018961981137905681e+01
3.410715393111071858e+00 1.703232578021419741e+01
2.301546178451050917e+00 3.030118802133992162e+01
1.329787473568243561e+00 5.597182685009634895e+00
4.599675081335060867e+00 1.683670906445363613e+01
1.262524872641773710e+00 6.347423338411091187e+00
3.677458513182338073e+00 4.837471979188217830e+01
4.695859869323820712e-01 1.580841420592312918e+00
2.352205940652216221e+00 3.614738603603811384e+01
2.853885548488317880e+00 1.946417383905057008e+01
2.200801325362847116e+00 1.230299666847269791e+01
4.323772917497983315e+00 3.568088715100120822e+01
3.546459378205829793e+00 8.685239681045134219e+00
4.358711889090740144e+00 3.412852103764879530e+01
3.871008799529229716e+00 1.512851597390048930e+01
8.703555889631608977e-01 3.151201409295265599e+00
4.142774676979276371e+00 1.355873944556677380e+01
1.916141628678709630e+00 1.778101934386375049e+01
3.457851980053888719e-01 1.449950772615964834e+00
6.537940406323983211e-01 3.982831866842823754e+00
4.989859682807043839e+00 1.924000494001890615e+01
8.321724264273294702e-01 5.546004364046935642e+00
1.639530593422441340e+00 5.378046747027697805e+00
9.866397143633731659e-01 3.064794532322287601e+00
3.195513548981119722e+00 4.694287568027281310e+01
1.179658097708579767e+00 6.024281311160097019e+00
1.323391112323636376e+00 7.959426785050542463e+00
4.904651451366031978e+00 2.207966639955343524e+01
1.611555336232636915e+00 1.553118866242939156e+01
4.377888202605737078e+00 3.016544997521666005e+01
4.638658807841041565e+00 1.433327272603455185e+03
8.014554567494835968e-02 4.004411675775481072e-01
4.530323003562162221e+00 1.220778127907393085e+01
3.178468576366220599e+00 6.494739850779866153e+00
4.735702223730009486e-01 6.287595922890419908e-01
3.809564250887908621e+00 1.805387563290756248e+01
1.350544932509500473e+00 7.310979736398033779e+00
2.780228784047378277e-02 1.977716177335431813e-01
3.941895999401789918e+00 2.316595954849756708e+03
3.170014357498537549e+00 6.113102702245123865e+00
3.877144427395295967e-01 1.382896678067399243e+00
1.966463006098689847e-01 1.958196065070772485e-01
3.245587077797982722e+00 1.659190718720798827e+02
5.702433578794968705e-01 1.035102102544027458e+00
3.651064920159431182e+00 5.969343331764366667e+02
4.722636204146857253e+00 5.350536688667946146e+04
4.887292874956638222e+00 7.434760978971766576e+00
4.826329003959084041e+00 2.012488891512409239e+01
1.320208466253157686e+00 5.108387606399946712e+00
9.419547852684950762e-01 9.405474959152859693e-01
1.981161869747560811e-01 7.455665419757486756e-01
3.865749415804159206e+00 6.676990872444409320e+01
1.039267756030441969e+00 1.781939525511525790e+00
2.426913714811194556e+00 7.080922344806557689e+00
3.306410800080464174e+00 1.046101064964235405e+02
1.821082233770884296e+00 1.432252823805093023e+01
6.320437027515724004e-02 1.360539256702151256e+01
3.862440104475616920e+00 1.718418165009989806e+01
2.005678465522722220e+00 6.996302806280368713e+00
3.160546467604170129e+00 9.402799161924214388e+00
2.024306411150641694e+00 4.753458007752492875e+01
3.836488720967199395e+00 1.957634391302023147e+01
2.783113537379508617e+00 4.310000560923958091e+01
6.303669882247420198e-01 1.867783162342488534e+00
3.395395636618620649e+00 2.903417588685537254e+01
4.288362049926774056e+00 6.214862740407591446e+03
3.727791616476955339e-01 -4.237271443063073129e-02
1.141348099886579925e-01 5.181978950200745171e-01
4.999276381240957079e+00 1.189007500970099329e+01
9.561548732814950657e-01 2.836324863279064079e+00
8.089912654851477702e-01 1.945790832065522169e+00
6.390500691908895803e-01 2.398319479684212219e+00
5.846749489852071102e-01 9.984240504349066736e-01
2.097963666015134176e+00 3.633450028481932659e+00
4.431504683463706407e+00 3.656639068762448233e+02
5.369521430669721429e-01 3.305554268251330807e+00
8.140495352648052796e-01 5.170585942735139717e+00
5.648891421122315126e-01 2.197467247289888181e+00
3.927554442399086909e+00 1.861306075974296093e+01
3.117116114052100873e+00 8.597903018773732642e-01
3.660471449933444532e+00 1.174691303560268807e+02
4.837592461901395247e+00 2.811665987184590563e+02
3.852827486726093653e+00 7.693197511119561227e+01
1.932502158287273009e+00 7.062211340880739208e+00
4.545366697058255134e+00 2.291834464102549163e+01
5.442946715082613851e-01 1.662525071886876260e+00
2.223688117517831131e+00 1.686755493147998664e+01
3.215413952195503633e+00 2.621335060764100611e-01
1.687547875021022659e+00 1.375766839853602264e+01
2.616630260075892167e+00 -1.547590712062005380e+00
4.743002732598376348e+00 3.823281748716128163e+02
3.113470871446270216e+00 1.740247898573461072e+01
3.193461998445154659e+00 4.636467229271616475e+01
1.167730211342448143e+00 7.059229796993220063e+00
1.498290252910620124e+00 2.521411153765526159e+00
4.911270986146848649e+00 -1.629226810571418493e+00
3.163943273365253273e+00 1.240056115786432827e+02
3.846085716175222213e+00 2.215753585587016516e+01
1.828533408553780326e+00 1.024113892741747733e+01
4.357466782983183684e+00 1.968999307624891628e+02
2.515061251770436268e+00 3.091517711876306507e+01
3.296192514462655154e+00 1.315007189109839558e+01
3.742626500374328202e+00 1.155571102723304051e+02
3.549873223798892141e+00 1.240988393992347483e+01
2.737005239612706475e+00 7.665789581177128831e+00
4.819026937641844199e+00 6.056554111900273085e+01
4.654807836485616690e+00 7.379298677331836132e+01
4.401407160066245439e+00 3.571502778904235242e+01
1.655099813302487899e+00 4.360594438166163656e+01
2.383325265586799802e+00 1.093121567845916431e+01
9.967215278825747315e-01 3.097027670245652065e+00
2.435781189253199974e-01 1.040430461758703018e+00
4.784478265473461001e+00 9.023581284956284799e+04
2.804726957451972424e+00 1.258060479673667658e+02
4.095388886948159168e+00 5.408107752603339691e+01
3.773227766462889488e+00 9.067162213417329042e+01
4.660444206708734605e+00 4.773063971907929925e+01
1.897328180169111089e+00 4.649576230302520763e+00
4.350650694754111925e+00 1.306614067810463382e+02
3.121078220463496145e+00 3.262857595093488161e+00
1.698709602408615682e-01 3.121300019150508476e+00
2.078023748472530130e+00 3.031147497541058300e+01
4.491863314177948041e+00 8.878876818899821046e+02
2.042072553061081042e+00 9.248605312586134275e+00
4.750984264044940453e+00 1.884532060019031263e+01
3.464362038864077675e+00 5.654627451197610810e+01
2.322535023730610604e+00 9.417066874423209555e+00
5.360222323918767406e-01 2.761227466939936814e+00
3.648197596943716370e+00 1.618583184036345699e+02
1.265534258277851709e+00 1.009327608129146014e+01
7.708513416925116823e-01 8.674146109673350757e-01
4.997515006688095340e+00 4.360573461356639200e+02
2.638533417349444576e+00 1.116307599197118918e+02
2.911683347042699932e+00 5.056774769159180494e+01
2.653712207215086938e+00 3.137869901516144200e+00
3.439864100233257282e+00 6.532683749765877224e+01
4.909624058736127061e+00 1.999662212402500217e+01
3.754566626100270366e+00 5.763662086056556610e+00
2.502648845799775312e+00 2.271075862505355758e+01
2.747741052938148076e+00 6.078454059759098982e+02
7.149899192172309847e-01 3.744940049452182507e+00
4.608471446636293933e+00 8.240949215013582574e+00
3.696000017986072805e+00 3.857035188330006292e+01
3.514409585957072757e+00 7.916933445660718860e+01
1.061755755613702501e-01 6.078884131614851194e-01
4.794566382731561660e+00 1.459763349653162834e+01
4.432775459188970757e+00 2.790913131925073998e+01
4.549788381089226341e+00 3.480602555175366319e+01
4.296096863607489880e+00 2.875618450319500852e+01
4.704688246023709830e+00 3.114272477380634996e+01
1.477934937965160733e+00 1.944398304471431915e-01
1.416648378093511962e+00 5.195006943616180983e+00
4.793482695734996302e-01 8.970578487387075306e-01
1.545477707208888773e+00 8.547144009703517398e+00
3.663687928234814706e+00 5.466023009225047247e+00
4.193746246261555122e+00 2.110647203339479816e+01
1.524594497609283561e+00 6.771591407849664179e-01
2.963239649923198993e+00 2.519194824870263005e+01
4.312958599678891503e+00 1.296253214153714239e+01
4.582135942113606752e+00 1.303535698317796765e+01
2.427083131069892374e+00 2.256053233435417482e+01
1.021535635283099541e+00 5.808175224562365457e+00
4.879920463431365540e+00 1.314200890289379409e+01
4.488839408721886137e+00 4.483531272308884041e+00
2.508257730976727551e+00 -3.930839965777817469e+00
1.968751283375842487e+00 2.179456990172849107e+00
1.551091517475393644e+00 5.279054089083372148e+00
2.297453700244819874e+00 4.267921059922568361e+01
2.912605191700178509e+00 -6.333259809670804152e+00
5.606850121751327798e-02 1.950402699800897199e-01
8.464503158936603766e-01 5.350871125495785918e+00
4.907529421800843616e-01 1.288593671307134203e+00
2.646824276997137293e+00 1.346503048233148725e+01
4.511124171036179575e+00 5.632387828524185807e+02
1.159857643579654818e+00 5.541484345575486969e+00
4.365250848712934229e+00 6.499807844154898540e+00
2.907021366362392722e+00 3.477011050114372210e+02
1.012213312695798839e+00 5.841292160471045491e+00
2.227001019366206869e+00 2.550367154132657888e+01
4.399300334733570850e+00 1.074577392957660595e+04
4.292395632082333989e+00 3.188269469388283142e+02
4.088488875934067401e+00 1.783195153093478780e+02
2.675424796688685269e+00 3.838176482114634247e+00
3.064483743131701798e-01 9.603879267306317802e-01
4.740273315163579859e+00 5.719653762838729563e+02
1.969468753960302854e+00 1.256981415394342960e+01
4.741205931810571483e-01 1.636897890690099722e+00
4.573013865660552568e+00 3.210199017568658775e+01
4.797976819715083607e+00 2.272135013549552696e+01
2.518828584523990166e+00 2.215263464057704113e+01
3.022947201800891381e+00 8.994990989760445643e+00
1.076321090575299566e-01 1.342052557940950130e+00
3.168873856155735247e+00 2.646371731777045611e+01
4.294902400536866338e+00 2.090143521028278144e+02
1.549513840445288615e+00 2.263487406991426809e+00
2.916663888160152318e+00 5.254900418577386745e+01
4.165774900874898101e+00 2.246387933719539376e+01
4.250578807637749534e+00 1.211599976820793234e+00
7.523220581333706081e-01 2.960498464567608234e+00
1.037485430097652150e+00 1.189050116386707767e+00
2.461871416323026640e+00 8.370451781785982703e+00
2.578202821651071730e+00 8.794255706652398530e+00
9.144991292680326733e-01 5.155350253634456870e+00
1.182743112022575094e+00 3.390092151927178943e+00
1.386688072196060162e+00 6.267706014405942661e+00
4.000247443192835206e+00 1.156875908991948336e+03
2.858842984662452569e+00 1.657159662890262553e+01
1.931369063264125163e+00 2.629911155903333864e+01
1.162769940762047760e+00 5.510343052460591196e+00
4.459071108061301913e+00 4.148204452756876037e+01
3.222898121302036678e+00 5.750638193103418416e+01
3.979575301466454107e+00 2.381937180383351915e+01
1.784971138901747523e-01 1.036983744432986354e+00
4.707668047153647173e+00 9.905402594657493864e+01
1.103944819400792809e-02 8.096748643988152527e-02
4.563618215621784380e+00 3.981049177589756027e+01
3.739310182714871367e+00 1.473732017905412128e+01
1.028657583923830998e+00 2.953783891952944884e+00
2.616478206141481078e+00 3.730963820839226397e+00
9.404413999445904171e-01 4.996405667605725576e+00
2.063627503529018803e+00 1.818539716741146606e+01
1.056595098183156223e+00 9.462570800019145523e+00
4.775895816542575112e+00 7.459480534849524247e+01
4.327504374366149875e+00 1.280037050982246285e+02
8.389200069784014113e-01 6.582411015640558638e+00
1.401448366474007390e+00 5.039638147878561014e+00
3.841466577971892615e+00 9.898933007754342839e+01
3.919921957789637812e+00 2.562232063828932027e+01
3.173912194207808568e+00 2.397370214672191580e+01
3.459373136774812174e+00 1.216379368858059351e+01
2.013840779501467004e+00 1.023154996158384122e+01
3.915238744156597228e+00 1.998757664709098592e+01
4.866121907548683900e+00 8.389947476042395635e+01
2.924291436580635395e+00 7.424729318035637071e+00
1.513093072705140152e+00 7.288021843530797739e+00
3.568847481228382801e+00 2.211494985889459031e+01
1.512423527684964686e+00 1.342658516350456210e+01
4.549622335248550975e+00 1.045831912130313555e+02
2.835196889514679519e-01 5.513506368696790005e-01
1.158420515879902801e+00 3.105855702804774410e+00
6.306278861070246933e-01 1.612216841342143603e+00
2.171482206198941611e+00 1.292372963328607938e+01
2.315516801792631529e+00 1.236783337185579867e+01
2.952456228721763054e+00 2.209335027404582874e+01
4.799856136038499477e-01 2.077780316551833373e+00
3.370114040904757413e+00 7.325405119184407177e+00
2.842845129175418428e+00 9.450925914614666468e+00
4.595880218932379968e-01 4.087040259894886063e+00
1.403918770906842362e-01 1.502646837622777787e-01
2.324232305762911288e+00 3.210444866106828332e+00
1.045960700704284818e+00 5.866752778451406414e+00
2.309001349762844324e+00 6.961878741081910071e+00
1.430321013917914108e+00 6.316353711491078826e+00
8.199223650310766276e-01 3.434457685383227599e+00
2.144769358404344128e+00 4.844478405104020169e+00
1.876557164221958063e+00 2.141278930791557045e+01
7.624400436120626345e-01 3.001465546642026805e+00
1.693672645119543407e+00 5.520561645963502073e-01
1.749598888163077959e+00 1.373923447294175837e+01
1.711938554231761112e+00 6.533036605348128134e+00
3.980678561523716130e+00 3.070533920024620755e+01
3.044959885914069631e+00 5.863467741248609855e+01
9.675164032871375053e-01 1.769016074938156713e-01
2.934835886203775335e+00 1.694250925196925550e+01
2.955977826230609118e+00 1.796165945174746170e+01
6.576158198688453194e-02 4.211423608522866289e+02
2.305467006080077930e+00 6.175038603030969853e+00
3.355995827002043796e+00 2.195328956239437446e+01
4.103026256546610462e+00 1.194531727143561106e+01
1.946712701474875740e+00 6.600625598305759567e+00
4.195243629538007113e+00 5.908895656950346620e+01
4.628001051643287234e+00 2.883998757456003759e+01
7.519093709152996352e-01 4.874435848612566069e+00
8.062618930709997134e-01 4.226351157997846997e+00
3.812997646956704401e+00 1.137861708115002202e+01
9.945243701111255996e-01 3.701909738280772189e+00
3.452310443455192335e+00 1.781061219424177011e+01
3.498366766848684861e+00 5.065266313035962753e+01
1.243730730014738217e+00 5.617813142054663089e+00
2.674666353792493068e-01 6.517963007093542371e-01
3.729736556929574398e+00 8.988365459506648847e+01
1.221479776185702804e+00 5.138503362231147342e+00
4.154332154524037257e+00 2.638927908975340415e+02
2.407462791050807294e-01 1.320003975952263486e+00
3.016701337070477162e+00 4.150896129559615133e+01
4.155026625779123073e+00 1.265007618118867505e+01
9.421947323908014260e-01 3.594140682833018019e+00
1.328268279928718210e-01 2.263661044385659515e+00
1.566195622355898820e+00 2.245277702791524721e+00
4.860304781341083569e+00 3.363025945548473601e+02
3.075803070111811088e+00 1.055157194261088671e+00
1.112310408969776621e+00 4.730891313968694334e+00
4.949315208664054389e+00 3.410434107335859011e+01
2.444880135559723389e+00 3.472986567203582808e+01
1.029824137693007291e+00 2.558797902891715381e+00
4.309569333742207853e+00 9.747724945091903237e+00
3.317138293793057358e+00 9.679026009895785876e+00
1.212030867628717257e+00 6.712744528862280902e+00
3.853726317917771205e+00 1.992234140263649806e+03
2.955571959770730395e+00 1.438981960432736784e+01
1.444361563984963848e-01 7.878769600686237329e-01
4.399468413337811690e+00 1.301870516333827688e+01
2.876190746096670914e+00 3.225484169463390458e+02
1.939589821992345753e+00 1.812928548237814352e+00
2.224312685155500180e+00 1.213983548553223102e+01
4.499099156636184205e+00 -6.011097694938153380e-01
3.120732017078829301e+00 1.255896870572725987e+01
3.982459855347508793e+00 2.571318330387814211e+00
4.854735385999373598e+00 1.300450370620035017e+02
4.777106736457986003e+00 4.648171872825790160e+03
2.459895897389223318e+00 1.428933984760406588e+02
1.648554074604726249e+00 1.017835811370170340e+01
1.874423911096898987e+00 1.502234463203921422e+01
1.054915561664164336e+00 4.954459223893012521e+00
4.123233534284235446e+00 2.032611026276994082e+01
2.297274988635079396e+00 1.451616820982537348e+01
2.500247708488971377e+00 2.559729321299248639e+01
6.205423070087878745e-01 1.763628681524384678e+00
4.604081250859021424e+00 5.773613881707468209e+01
1.009708391118555593e+00 5.579434046847625339e+00
1.890305003470957868e+00 6.981047437371580955e+00
1.819506188002217861e+00 6.576798342250068430e+00
4.361837079682733709e+00 1.540938326476826603e+01
7.644613849838610697e-01 1.977433378861431112e+00
4.101652244951386805e+00 1.687067317418798140e+01
2.636699850750178875e+00 1.138702896703888889e+01
1.458554148643937509e+00 6.525707330244579829e+00
3.528973261680736773e+00 1.249219586981481811e+01
8.854964248537222637e-01 4.088665142883028736e+00
4.881295272910501915e+00 2.183542252537560913e+01
1.204532486909604128e-02 5.421044989806503289e-02
1.455057655956294438e+00 1.094581634889339838e+01
1.412565753753225462e+00 4.890743035585416010e+00
1.967368927563542425e+00 4.080122683977397635e+00
7.081141497170168053e-01 4.319555273779574378e+00
4.372576205486487844e+00 -1.053702948294617858e+00
1.892838729843606238e+00 1.762905056622208644e+00
3.292765801190473240e+00 8.336134828639598027e+01
1.894684248972147156e+00 2.655590665914928294e+01
4.185496081213723407e+00 2.954399168314309776e+01
3.288109908253693980e+00 4.304448828233089941e+00
6.849886462149629152e-01 2.004170377994626939e+00
4.679687519764386128e-01 2.962062630095843918e+00
3.740530808576103983e+00 4.139860805737048111e+01
3.242780567676188497e+00 6.226428916623947885e+01
1.171511263460678798e+00 5.150543319713338342e+00
2.153700249718208504e+00 1.698272260770261610e+01
1.934460915309049067e+00 1.590887000126933337e+01
1.360132901752049595e+00 7.510924884499615040e+00
4.477699940732094319e+00 2.019327006197753605e+01
1.877054941537276811e+00 2.638488001068129307e+01
3.769509788446459453e+00 1.097796090936913345e+02
3.986193476510199840e+00 6.293256181557192974e+01
4.550378254254820121e+00 8.182535566421994133e+01
2.493205379124818766e-01 3.099938058177554856e-01
3.184591179254714355e+00 1.463575140102537020e+01
5.661233719532043906e-01 1.355129974142335603e-02
1.159503831975443155e+00 1.930034547225075281e+00
3.798867130996975039e+00 4.422584336751929754e+02
3.738235540819649483e+00 -3.981215275505999518e+00
3.317341792170234616e+00 1.548317334930745304e+01
1.393830546528461722e+00 4.738470955163643694e+00
1.355057610239798649e+00 6.212970938163585366e+00
4.921313902459736767e+00 5.075480420821897951e+02
3.987708207067581778e+00 1.541186375339125789e+03
4.577233191934128698e+00 2.523888787022813318e+01
1.227064681989249895e+00 5.158827175826504963e+00
2.000683854071847900e+00 8.107328327835960913e-02
1.458547257799505559e+00 5.831735621575499628e+00
4.831157371529266165e+00 2.749745358754748281e+01
2.816687364493373646e+00 3.931752217044454483e+02
2.626711685640606753e+00 1.023204272738824017e+01
3.984707558719026821e+00 4.521706289478888152e+01
1.881431224060623464e+00 2.297262327379320901e+00
3.909853319406110916e+00 1.651763348465117076e+01
3.876873069192200205e+00 1.493195575171802503e+01
2.943444963550578830e+00 -2.033932561398177796e+00
7.940387377948682213e-01 3.802960319934848288e-01
1.004901119000971565e+00 2.327048748435753822e+00
1.307686406631595855e+00 9.363556898505530413e+00
4.678695023506788786e+00 5.111940880936240137e+04
1.138340761188525452e+00 4.685938814004368069e+00
4.090897431808700802e+00 1.348307823399102823e+01
3.317270075520639683e-01 1.566881914892681360e+00
1.793730284628276106e+00 8.309939027460114147e+00
